,X1,X2,Label,f
0,0.060200441556581656,0.5191228947186909,0,-3.3847150200870393e-07
1,0.18492540456190731,0.2690105980410507,0,-1.3200442875467462e-05
2,0.021174596705595558,0.24337206187346871,0,-3.6077624156213886e-06
3,0.2610400914439249,0.2324573017778576,0,5.137778337704932e-05
4,0.12301516818957543,0.3114276896766979,0,-5.039306607521951e-06
5,0.141113963456531,0.06998692251924818,0,0.00047396585157725497
6,0.09700714595166426,0.5300419540443532,0,-4.382715799124942e-07
7,0.2859145630212274,0.1001235543293131,4,0.009188188480990704
8,0.29610855716909174,0.198681183232617,0,0.001043636691920725
9,0.08743474289399478,0.21361123920967645,0,-9.214640290538309e-06
10,0.08566640773173434,0.4609524721016081,0,-7.809002111873996e-07
11,0.20211479256122836,0.1595415178683746,0,0.00011991840175201149
12,0.16427020582610832,0.24313828016768657,0,-1.3708340177192157e-05
13,0.12624140807469286,0.5174238077198394,0,-6.657564428055489e-07
14,0.2048206020882027,0.5663980326503083,0,-8.939347303251495e-07
15,0.2872423358372252,0.5324388523498672,0,-2.854765114551331e-06
16,0.2157445761332047,0.3087395859962071,0,-1.2311922131761428e-05
17,0.11116061923011711,0.43336873157489225,0,-1.3271566614202567e-06
18,0.19818514060134304,0.13739829453695213,0,0.0002856929138424715
19,0.31331813238349066,0.10522058150116569,4,0.009231104569360177
20,0.31258867094892856,0.24525025482278695,0,0.00032492981101464764
21,0.152793529591537,0.3904580919887733,0,-3.0863374477810817e-06
22,0.134138031716958,0.5724637691970317,0,-4.154694183790644e-07
23,0.3368458259782747,0.3758973531958943,0,-1.5852254316200436e-05
24,0.1841599842591422,0.07417594099642057,0,0.0021148353581849216
25,0.19212672693445956,0.20328291114081834,0,-9.063548058174082e-06
26,0.2711961952793906,0.11605548335652971,2,0.005932464659121555
27,0.29576866076830005,0.590710141648255,0,-1.7367924613813413e-06
28,0.21516995726311045,0.44978990499207977,0,-3.1776167226102662e-06
29,0.20803821048731502,0.4990907475800421,0,-1.8090366430028835e-06
30,0.16800976068522214,0.05453536021760783,1,0.002490304577145262
31,0.17565870731554142,0.522163942161753,0,-1.039858951077984e-06
32,0.2628335000872079,0.0025407069783066837,9,0.030752035068731216
33,0.12002856670348248,0.32969845997962777,0,-4.081298755850551e-06
34,0.21615532977537166,0.3691642427698716,0,-7.1190446471098905e-06
35,0.30500956545442603,0.3491743415331684,0,-1.5896692971911202e-05
36,0.09380757848625156,0.061557595141843266,0,7.333245059341221e-05
37,0.2160675515431938,0.5304928889623495,0,-1.431952386933759e-06
38,0.1251522370835593,0.19685863634463427,0,-1.4369458236847424e-05
39,0.3106712847630978,0.3721570974693239,0,-1.5190534153702464e-05
40,0.06206409891667809,0.38075877234195415,0,-1.3755329380439467e-06
41,0.2809969897359865,0.32959361822933225,0,-1.5825546489709834e-05
42,0.09439488537011574,0.5882638227907625,0,-2.385444532401226e-07
43,0.15629449522159347,0.473750368285873,0,-1.390735279923532e-06
44,0.2712288680996496,0.47185259059867735,0,-4.451047649180317e-06
45,0.05220079279541657,0.5092657758684411,0,-3.448500031578975e-07
46,0.07970264352875131,0.4324617737083459,0,-9.782610398366805e-07
47,0.28432271420926764,0.55177723343312,0,-2.2861855613336313e-06
48,0.09998276605598766,0.4005755042583872,0,-1.6475467706998774e-06
49,0.01603953737338642,0.4037137703159193,0,-6.904933541043576e-07
50,0.0269606947895758,0.4759163102960481,0,-3.740870504010332e-07
51,0.06056041972929232,0.24296447475334348,0,-5.352711302905581e-06
52,0.30531037529169325,0.3928453854547766,0,-1.2836146292733983e-05
53,0.12866222954999032,0.24202386138591614,0,-1.0354537566479867e-05
54,0.3208389213846965,0.06469983693878734,5,0.012935710570536862
55,0.28945079462554935,0.05754105093037984,6,0.015030852228947521
56,0.3127061834124557,0.48019458908622153,0,-6.166464167890667e-06
57,0.08572790165411273,0.21634597107375458,0,-8.839990128739509e-06
58,0.14139310095356175,0.24768189474270788,0,-1.1021316361616891e-05
59,0.2860815587841179,0.5901790729206261,0,-1.5853015904392176e-06
60,0.12120596533835296,0.5690239706922164,0,-3.779187970979582e-07
61,0.22084770199997877,0.2542279532888353,0,-1.5298397057199933e-05
62,0.1260791718034824,0.5901851083847286,0,-3.2109589033670195e-07
63,0.27774480517178946,0.04182194685149247,8,0.018107922472144326
64,0.29670691231443547,0.45768326773614193,0,-6.574875571556809e-06
65,0.047062792563681316,0.32920709413125726,0,-1.982552583405835e-06
66,0.2103982313386196,0.533083726614269,0,-1.3186135905710822e-06
67,0.07593614233919457,0.28844700362645764,0,-3.970267787000725e-06
68,0.0950101801049708,0.5170434196989885,0,-4.892513414961304e-07
69,0.11328136923554873,0.17417465635747653,0,-1.5211567623939143e-05
70,0.3085759858650026,0.1672918885634428,1,0.003572157245611027
71,0.3415986217905574,0.408424978190102,0,-1.477815138203243e-05
72,0.24778076727984125,0.2641339685390982,0,-1.1657745821162621e-05
73,0.16910852697125447,0.016536924352221982,4,0.009438525660534313
74,0.15665153068537294,0.5596875327133004,0,-5.910686825575963e-07
75,0.15830407964811577,0.04178962557256114,1,0.002845944519493384
76,0.1435955277077961,0.47513343612392944,0,-1.2083560938892715e-06
77,0.08622880967937888,0.5793050946199633,0,-2.404681002804025e-07
78,0.05970060504097742,0.4045450454435587,0,-1.0590973820565437e-06
79,0.07914377084386323,0.4557731774381486,0,-7.705474492480569e-07
80,0.3342382135588229,0.3895416603270979,0,-1.5587732780996596e-05
81,0.2583819333998003,0.5971578044222386,0,-1.1216243766084734e-06
82,0.053435726219583174,0.45802003604633346,0,-5.828256449725068e-07
83,0.05887846553722931,0.1764582608976947,0,-9.977237665473147e-06
84,0.032593928087358434,0.2785839579760567,0,-2.8453433574955098e-06
85,0.25438081919183936,0.3988259679279545,0,-7.725410962904125e-06
86,0.15077798277363494,0.5038068041928723,0,-9.746060743761796e-07
87,0.19452937036612275,0.14823694714368504,0,0.00014556008639794737
88,0.28651994727499547,0.01645043857019828,9,0.02502480193316968
89,0.11185277900572171,0.5495425232466992,0,-4.182537054716623e-07
90,0.05448297760366434,0.2531212489850183,0,-4.558379273740716e-06
91,0.049479825895024254,0.11907462661959238,0,-1.4556062800001027e-05
92,0.23883987888609337,0.2663687990865671,0,-1.4557269335386049e-05
93,0.16288227236169583,0.23941336064063812,0,-1.392878544252488e-05
94,0.004509415978913417,0.5100148209382452,0,-2.1256228724293694e-07
95,0.07452789407973734,0.4613494585560515,0,-6.959276608904025e-07
96,0.2766530657347835,0.43473609138052166,0,-6.766581829463054e-06
97,0.05452708171280728,0.2886968388645744,0,-3.20064206681224e-06
98,0.15241359383408962,0.5906136516727464,0,-4.15877415611462e-07
99,0.15359529679427858,0.19015730752500282,0,-1.5484119411130817e-05
100,0.00623798269190311,0.5982249464311774,0,-8.951581606772105e-08
101,0.1978029910839965,0.3993581740053192,0,-4.417544222468405e-06
102,0.03809847923476883,0.03305435222631563,0,5.63085702628402e-06
103,0.1062523636773696,0.20496911423963168,0,-1.1764909994490824e-05
104,0.10185539820629862,0.3737689965124325,0,-2.1943176808478525e-06
105,0.3417110489867461,0.24531889974086155,0,0.0008977184379913981
106,0.20298217205446512,0.4639235613156327,0,-2.444172237727293e-06
107,0.038309766112676,0.1434134822496038,0,-1.1150610612425741e-05
108,0.2488195082614651,0.08772807622887759,3,0.007715255835944451
109,0.3371006129367999,0.2952131490187148,0,9.887630709955672e-05
110,0.30889818838693683,0.5368128228245789,0,-3.389704190314307e-06
111,0.1462901555235385,0.4608668274526223,0,-1.4315842047683263e-06
112,0.06726005312224867,0.1586315049865778,0,-1.2497855159747513e-05
113,0.09844556007211856,0.2820855842863785,0,-5.284875754534905e-06
114,0.21490141199731394,0.3085791599545124,0,-1.2244205355995587e-05
115,0.17450385813710476,0.355000202859483,0,-5.444093255920173e-06
116,0.21367565718990145,0.1976217736304166,0,2.1085408879126424e-05
117,0.300975830693122,0.09860260640612846,4,0.009825030897155536
118,0.3405099854050247,0.07807976952374863,4,0.010511807318445466
119,0.3160565314471819,0.44659956005267804,0,-8.803043127216513e-06
120,0.17452858737388371,0.06182009868827214,1,0.0023872391437475575
121,0.10750029500671363,0.47121379448117673,0,-8.764333789427513e-07
122,0.20535381706918968,0.04295587888168113,4,0.01031879112283325
123,0.17085345562342763,0.46228938282497933,0,-1.8033760378604798e-06
124,0.022471965217318757,0.09494904173782572,0,-1.431010504424133e-05
125,0.13318426436930952,0.036488205233303914,0,0.0013790933461094584
126,0.2982806920511618,0.34662363625223275,0,-1.5842965833786892e-05
127,0.07944580148714561,0.040829625341926336,0,0.00010533119270818677
128,0.15904505970905172,0.52484714111088,0,-8.576417856858667e-07
129,0.21453686418656548,0.40508470108980366,0,-4.925121827247485e-06
130,0.19906729530085654,0.04430492780964885,4,0.00870767884738905
131,0.2950954366794276,0.5729762791492485,0,-2.0595661915427207e-06
132,0.007029872967552469,0.4571895835660893,0,-3.696877784809442e-07
133,0.042106633629139606,0.5953992593598528,0,-1.3175813072276297e-07
134,0.3190058411754939,0.3321885279361152,0,-1.0827110458080421e-05
135,0.003008287983744018,0.06100555255528317,0,-1.5387483176824706e-05
136,0.10209106972193796,0.28203148229493624,0,-5.481124574990481e-06
137,0.08590346533335988,0.5714360413374525,0,-2.5931052705437556e-07
138,0.29998631926133934,0.5428299556390258,0,-2.9216339674251315e-06
139,0.15370946817099942,0.19826111468040286,0,-1.578233417309524e-05
140,0.03189118174402136,0.17037663672347786,0,-8.21164018430575e-06
141,0.09404539984731287,0.3406994841708884,0,-2.824254886681543e-06
142,0.16125291700027106,0.38160697422626844,0,-3.666979850053703e-06
143,0.30331124447214397,0.4555355896201558,0,-7.15761153017685e-06
144,0.29333972415587983,0.07239336681805957,5,0.012831761280664987
145,0.10486246083317109,0.46196750528774716,0,-9.363372698481705e-07
146,0.27388304616175263,0.07022271929485414,5,0.012908819521855562
147,0.044777219652223164,0.27647058821092274,0,-3.28106777321498e-06
148,0.3386359968117031,0.12764933150065425,3,0.0073768458525773125
149,0.04862892787996468,0.33173216385851134,0,-1.963606413805003e-06
150,0.09563504729413688,0.5846561310226024,0,-2.503891370537435e-07
151,0.1428517203169751,0.10000290078875411,0,0.00012731190032351346
152,0.1720130536293678,0.5949306925086268,0,-4.843900447359631e-07
153,0.2160237272916046,0.3016789197947944,0,-1.3040646710821682e-05
154,0.31307224969278835,0.10102998813993093,4,0.00958836335596493
155,0.1842380461809932,0.3110111995593696,0,-9.148302695976014e-06
156,0.044876835947561006,0.5461334874139785,0,-2.2169143780359386e-07
157,0.07361666912001122,0.3056849551581991,0,-3.267592575512736e-06
158,0.0032440242446434395,0.14764994420003907,0,-7.76201322058076e-06
159,0.26501300750324386,0.2222626796897165,0,0.00011346943757090598
160,0.0411892597957148,0.08398257745380186,0,-1.5714388578953013e-05
161,0.3008661348656834,0.06562780333788522,6,0.01358016389046284
162,0.16234030765149005,0.32142915794322985,0,-6.718121449836036e-06
163,0.07724500626286959,0.21222323962182613,0,-8.484829501014144e-06
164,0.3428571546975773,0.5130608680292059,0,-5.999152268757069e-06
165,0.31254615294990234,0.44254779705524805,0,-8.848814105929204e-06
166,0.028166242243064736,0.0557361234096446,0,-1.4246075974758876e-05
167,0.2803933693977806,0.37539244714623354,0,-1.2098234497080418e-05
168,0.22956092323178504,0.24592526234249684,0,-1.1574770179255266e-05
169,0.19915505479136955,0.16072057519876642,0,9.67794560258741e-05
170,0.2638784869689004,0.5721315952923481,0,-1.5215681136417603e-06
171,0.2821466396813429,0.2538272905132764,0,4.924171819211419e-05
172,0.0694601451631797,0.28228082523129805,0,-3.9584055912594315e-06
173,0.2931193805531994,0.4780499912983028,0,-5.196483133274071e-06
174,0.2337698880115208,0.5257226565912418,0,-1.7919038986126294e-06
175,0.10563509252851164,0.5519193293589958,0,-3.8384291808149074e-07
176,0.10634161577281218,0.40219321667737956,0,-1.727342753745988e-06
177,0.16259429599144373,0.1403160338470979,0,3.692118248904881e-05
178,0.16443765350851228,0.1051000863452465,0,0.0002762479609118682
179,0.17783881686375816,0.1568077004569055,0,3.322203930204431e-05
180,0.24979533910314183,0.19093559191936843,0,0.00024742336989251465
181,0.1381625159100751,0.22393110453545267,0,-1.3042255995502233e-05
182,0.06474772434301414,0.4585709215870116,0,-6.489506747792095e-07
183,0.2702536391565398,0.4971026837027614,0,-3.4292278094125776e-06
184,0.32569689964972276,0.014878262910956152,9,0.024734016792161438
185,0.2939047921465683,0.23937545376820424,0,0.0001924235594678517
186,0.0004740475140745381,0.19595283579962944,0,-4.706401852471776e-06
187,0.1675609363348651,0.553377970441882,0,-7.019942790280495e-07
188,0.1578155842161065,0.49159097919318945,0,-1.181349914352557e-06
189,0.24156485775061567,0.5618497037492394,0,-1.3498037561454223e-06
190,0.06758533040681534,0.4377420136837819,0,-8.221913789920181e-07
191,0.03139951454233711,0.4611411796335909,0,-4.53309733885662e-07
192,0.12766353573922934,0.333648672149407,0,-4.233018037414093e-06
193,0.2811785976555392,0.16987558622363966,0,0.0017273580276166523
194,0.05203553298905324,0.29339036654694867,0,-2.979352574006602e-06
195,0.2484227846049302,0.26305708447084913,0,-1.0989182442102401e-05
196,0.2257124067614658,0.2549345430146605,0,-1.4796214085379961e-05
197,0.043952872077138605,0.28976927577109285,0,-2.8498924083099967e-06
198,0.30647759302494515,0.30953307330927876,0,-4.932769715688696e-06
199,0.058591655604196234,0.14261129672947587,0,-1.3224317039434775e-05
200,0.10617709088524838,0.4028143179606321,0,-1.713835981364082e-06
201,0.030780408866332917,0.5525038701244721,0,-1.8068942689082838e-07
202,0.13868897748368175,0.5859115549363397,0,-3.800791233950588e-07
203,0.17792493260442555,0.36231356444078777,0,-5.238502174042292e-06
204,0.33176585921253954,0.5177721335296381,0,-5.136020611231599e-06
205,0.19838906352026603,0.25703569766712436,0,-1.5360699116441305e-05
206,0.1631410714742507,0.3622924395160566,0,-4.527341615034229e-06
207,0.07511900251754844,0.4849982243389829,0,-5.526208916330199e-07
208,0.038020168309446566,0.5987748320514452,0,-1.2228992143161728e-07
209,0.3403208407069967,0.5239264150014543,0,-5.257954995482511e-06
210,0.2544795194939899,0.3497354134750293,0,-1.2078806884235425e-05
211,0.03840529492150551,0.43023816638393586,0,-6.622045075772258e-07
212,0.31466685793952626,0.061289291809719953,6,0.013664610340893306
213,0.16384051121586832,0.004566510303097448,5,0.011867916194010092
214,0.23280364061079245,0.04257708515886671,7,0.015369935929236982
215,0.29907285143061596,0.015042472990412259,9,0.025326950541088907
216,0.27551374601844997,0.43468000277416163,0,-6.695759867687955e-06
217,0.23110193607590868,0.2421222327937492,0,-9.221227793010605e-06
218,0.23117852047948126,0.11729741021108021,1,0.002167905179519202
219,0.28087030463478785,0.14163455957907162,1,0.003877688968901731
220,0.10479523775313127,0.34558644828434165,0,-2.993941615767566e-06
221,0.006823522373713264,0.0700030285512514,0,-1.505795616124352e-05
222,0.016998641782876592,0.11607231772967339,0,-1.1741452703333965e-05
223,0.27477384400266636,0.139059216257129,1,0.003635413738999118
224,0.22061985005132476,0.03424549454611285,7,0.015851938100674503
225,0.3367922202152791,0.27569329004594123,0,0.00024071264602427774
226,0.08467160790375544,0.15897711887354485,0,-1.414127650813784e-05
227,0.0956908451860421,0.4724502752266376,0,-7.693752565990308e-07
228,0.04339736307390042,0.07269081907936992,0,-1.4557300419015671e-05
229,0.08033454900920957,0.14485793224863944,0,-1.4957124210282761e-05
230,0.3101177075854781,0.2045856119118029,0,0.0013189998905485567
231,0.26171184408726683,0.07773208385227444,5,0.010884041972856051
232,0.27731691023460914,0.23590760462028187,0,0.00010441223755314023
233,0.2395516164024669,0.10205636762553713,2,0.004436267116301341
234,0.31453982742731595,0.3481333003937514,0,-1.5493144840680505e-05
235,0.2062857223438129,0.07239590347443732,2,0.004529631058191226
236,0.16711659842780696,0.5484655071991935,0,-7.340725196748073e-07
237,0.3418818511228178,0.10137215808920923,4,0.008699893936777493
238,0.12451983526056888,0.0955619633187533,0,5.92223039506514e-05
239,0.17503285098468224,0.3897754696435885,0,-3.876627590559124e-06
240,0.016999586075727872,0.2667523037531316,0,-2.740934597455449e-06
241,0.06873307881961122,0.056650324312743215,0,1.6080669544717217e-05
242,0.06428732978779576,0.44861152581597336,0,-7.136181145284892e-07
243,0.26902501134521617,0.363367042846661,0,-1.2166277393485538e-05
244,0.2272001979309034,0.07303478593521208,3,0.007396652468555793
245,0.05894247938427142,0.48114090733083914,0,-4.886692593502434e-07
246,0.29257185671904046,0.25172456123944065,0,9.953356334248357e-05
247,0.01892903893567316,0.3649809657663998,0,-1.0468836878052025e-06
248,0.22651491248183706,0.009591755715190041,9,0.025366275297897055
249,0.1344702988123202,0.40024163077194563,0,-2.3319825722184157e-06
250,0.2887732931900916,0.16809107591954772,1,0.002253943662189992
251,0.14733165530912268,0.27666391145866903,0,-8.938342144678539e-06
252,0.08060596793968255,0.3634152408689743,0,-1.9685627399222517e-06
253,0.1824567244819391,0.4344191284796761,0,-2.674487161062528e-06
254,0.2933760634007698,0.005288242774440888,9,0.029677671772720182
255,0.29798195342877815,0.29606052264125454,0,-6.088906628892345e-07
256,0.11512605228529836,0.47202041321868404,0,-9.381724170306147e-07
257,0.016898945801834986,0.004119390996275629,0,1.7652292178026222e-05
258,0.1906369546180212,0.10365862593820156,0,0.0008652437784384118
259,0.012353050972931122,0.17464681771943574,0,-6.525930743515827e-06
260,0.2746348616101789,0.5853603618873902,0,-1.4840812079532185e-06
261,0.015958373420751692,0.0021400241229672544,0,1.961576471153283e-05
262,0.24066899473066922,0.5021700825207784,0,-2.4286362669365825e-06
263,0.20645493935572634,0.259536421655617,0,-1.5646629844427e-05
264,0.2905464885182139,0.31172030484679963,0,-1.3367798586135541e-05
265,0.34580935466654084,0.07058101135834509,5,0.011002686384083697
266,0.0982493720694245,0.17298839549392567,0,-1.4100639112726306e-05
267,0.3356468733471255,0.3770351589079625,0,-1.590860210672057e-05
268,0.26570582599286147,0.45269733949967017,0,-5.0953291867918995e-06
269,0.11260212647854309,0.44547762636535454,0,-1.1928757935278392e-06
270,0.1903942031843971,0.22423083880286032,0,-1.5297536479940573e-05
271,0.28422225113500305,0.4499384414821713,0,-6.279343440395307e-06
272,0.024322074941531734,0.08940118345209926,0,-1.4918131380169537e-05
273,0.22174917414536763,0.264753819055532,0,-1.581204897843819e-05
274,0.06100081434940798,0.45909889272907345,0,-6.218233799069603e-07
275,0.0643389718269262,0.3139362658560997,0,-2.7436271056856904e-06
276,0.009750343719986954,0.46874219251608945,0,-3.384277704356392e-07
277,0.01163625581968598,0.20241383038828578,0,-4.930251758165414e-06
278,0.10509990698928721,0.2800308250436875,0,-5.758170683761821e-06
279,0.28444738104584066,0.2709388718109174,0,1.4528595094861332e-05
280,0.09108005936086694,0.3751248005221188,0,-1.944121224250849e-06
281,0.2246892740574941,0.12801742695170273,0,0.0011882267866345443
282,0.031233581214829092,0.20319008249998863,0,-5.935150244705165e-06
283,0.2673857237094949,0.17387769003345052,0,0.0009690479672891858
284,0.019731423895083117,0.24473136722792468,0,-3.5084762229501654e-06
285,0.103567108628389,0.018029071539507058,0,0.0009005454079958897
286,0.10945838590069672,0.4559731708048231,0,-1.0408557632450932e-06
287,0.0635356252435997,0.5599587444929356,0,-2.3261896840156658e-07
288,0.1874222050223176,0.025457920535090727,5,0.01130510414562595
289,0.24827002786647426,0.3649136191442364,0,-1.0028881295468739e-05
290,0.3254896438146752,0.11945409707196425,3,0.008061495377005384
291,0.05969376658876246,0.22162158074107266,0,-6.5456055624344365e-06
292,0.29688284283610755,0.4233759577367264,0,-9.148109138139426e-06
293,0.19121360283871036,0.5187099445736884,0,-1.2571503469054804e-06
294,0.024690166868057334,0.5309357266640027,0,-2.1095027975952777e-07
295,0.3087042435271951,0.40879296497078943,0,-1.1587424667735292e-05
296,0.1456225496594975,0.5953877121872477,0,-3.704994194647306e-07
297,0.21280980456914997,0.026465187475534613,7,0.01688498478779703
298,0.03569312821467285,0.17298933441037526,0,-8.304709249995901e-06
299,0.0367065355361751,0.3490577920065087,0,-1.466045092870584e-06
300,0.2771225327381092,0.42538071658156446,0,-7.442655339902567e-06
301,0.1632992633698839,0.21807225601165411,0,-1.5561981520421985e-05
302,0.003620346045981526,0.2272072954361582,0,-3.5588288416102716e-06
303,0.16154711315797574,0.306710595994872,0,-7.688010953135175e-06
304,0.3482287605511813,0.25962133855445696,0,0.0006781296936319942
305,0.05459875501559033,0.20095116052902112,0,-7.6136939779976686e-06
306,0.1917462783583841,0.06735349673155056,1,0.0034687925767278444
307,0.20105950787543864,0.4804228151309512,0,-2.0334461737173704e-06
308,0.11949121135829834,0.46981538748618845,0,-1.0018085905114954e-06
309,0.11458753005332362,0.3529166515842183,0,-3.067924191792265e-06
310,0.05584945462074527,0.06870279698751822,0,-9.44456108404584e-06
311,0.2784966507903749,0.11198850763433167,3,0.007129247498078734
312,0.06468085170126912,0.3120667956461296,0,-2.8048522722817474e-06
313,0.23940189994406413,0.5908533576511142,0,-9.885185626759329e-07
314,0.027750480024010024,0.5990500613359213,0,-1.1006376961113371e-07
315,0.21068844411155738,0.41954820535212756,0,-4.107215586396733e-06
316,0.22326547301491081,0.04106973054187019,6,0.014301444863624809
317,0.20012143855525386,0.037603180480130845,4,0.010671252293109635
318,0.215769961632952,0.02805246947240241,7,0.016934183304786608
319,0.21197948725126914,0.1060246915983428,0,0.0017178407899103702
320,0.07025999866857609,0.4366342938534912,0,-8.538540325003168e-07
321,0.04935341154868469,0.3179068611844347,0,-2.270857342238242e-06
322,0.060648337666365994,0.24670407066159147,0,-5.163026738537467e-06
323,0.1798822454110665,0.49425890728909583,0,-1.433620925902953e-06
324,0.32839484845249867,0.4077525237310736,0,-1.3636700484427573e-05
325,0.23042076656706273,0.3641255687976049,0,-8.563249403207561e-06
326,0.1924924508025445,0.39614669148867043,0,-4.326903169900605e-06
327,0.06310698533720778,0.22918858599010908,0,-6.2847485613850345e-06
328,0.11727545649994732,0.2620118206560266,0,-7.725770220166646e-06
329,0.1852808519676817,0.5953423525777052,0,-5.507147656320105e-07
330,0.2568761181057151,0.5746336779280347,0,-1.3838922749771064e-06
331,0.2045302710158621,0.39829794279054176,0,-4.7715846911755466e-06
332,0.3452727593523585,0.3325250689937305,0,1.1520488376094648e-05
333,0.015470611192060257,0.38134581210332313,0,-8.586769355133084e-07
334,0.27751176711166514,0.30370006891983536,0,-1.4427486703828851e-05
335,0.2878771783916902,0.11298582707814987,3,0.007705165286566923
336,0.07555991504490041,0.2882238441133534,0,-3.964247359471606e-06
337,0.1149016236136104,0.02103004814088989,0,0.001256515146259247
338,0.07537551807657308,0.1994235897099859,0,-9.4000885285517e-06
339,0.13019860647417045,0.2710285906305979,0,-8.018670283446307e-06
340,0.22761587216680945,0.2763512011376992,0,-1.57909213600455e-05
341,0.10223748704417793,0.5073417670811767,0,-5.794380132700229e-07
342,0.04535549683470178,0.4403497329653775,0,-6.415462845222551e-07
343,0.02933615222510943,0.31007439469560255,0,-2.011027288869452e-06
344,0.30243277335625257,0.2909323218828326,0,1.0872916155994674e-05
345,0.04590304848165328,0.07360866455434889,0,-1.4281592115563108e-05
346,0.05799456897440041,0.1275099173055731,0,-1.4562120617445589e-05
347,0.142077364972297,0.514694139172567,0,-8.013679148259825e-07
348,0.32933169780109633,0.16764931067074137,2,0.004714487137700386
349,0.12174506050622057,0.3855756195547446,0,-2.378121764000796e-06
350,0.014802940349500237,0.5294101271070105,0,-1.9404933930441547e-07
351,0.17027337256208283,0.09496405413719108,0,0.0005505569010502633
352,0.2255295845119342,0.040750161686880594,6,0.014772628402492407
353,0.0017916545957346484,0.11885576663291368,0,-1.0030264210918503e-05
354,0.3240913591210099,0.5390496403665179,0,-3.854800437368448e-06
355,0.20565705230555886,0.11417907630737942,0,0.0010089611316893656
356,0.1682033161014217,0.5770940965632463,0,-5.57356662887147e-07
357,0.2754828929179762,0.12715665546471192,2,0.004967992511313811
358,0.11717493451234255,0.48412405392176755,0,-8.484130418758371e-07
359,0.29483856020118404,0.07089526061403444,5,0.01301073384956297
360,0.33542865179217546,0.5040732441956367,0,-6.0929631066765055e-06
361,0.33683180525079875,0.3639167131646383,0,-1.4769278077373132e-05
362,0.2905253943888386,0.30165642257865494,0,-9.686858329653158e-06
363,0.10748554358278817,0.3183027910523601,0,-4.0358146259962695e-06
364,0.16928049594335356,0.1870149918640336,0,-1.18378103864497e-05
365,0.22380283514146102,0.3758207446946278,0,-7.186474347130643e-06
366,0.1510678222593971,0.12755042141521733,0,4.0698244511804605e-05
367,0.19076372113277862,0.12660037341247085,0,0.0003341784912900546
368,0.30112715316863814,0.18651263792486505,0,0.0018019217990707151
369,0.16990433068396243,0.22181468955735126,0,-1.567913243131477e-05
370,0.3273098180479541,0.47128541373918625,0,-7.745037551107866e-06
371,0.2279435118670298,0.27152918598870307,0,-1.5823970981250218e-05
372,0.3452016319870206,0.16827395463105907,2,0.005183586235812302
373,0.2041518641036914,0.2498801737836619,0,-1.581397930187311e-05
374,0.18086949651901027,0.1479250962588147,0,7.23483542000643e-05
375,0.26768069915955467,0.08309955359378444,4,0.010471212193295065
376,0.2943116123588238,0.45297768594413534,0,-6.725089857025766e-06
377,0.29875044872339235,0.39048746263131145,0,-1.2418717822586282e-05
378,0.11081464611001693,0.5110984320710775,0,-6.07979160188348e-07
379,0.0433298365942979,0.2749936886517938,0,-3.2820919146101077e-06
380,0.1544674988892841,0.24868232112345715,0,-1.2202338142118023e-05
381,0.20018497583104777,0.22789549825955058,0,-1.4499337927934416e-05
382,0.02520981882413907,0.44598705830384944,0,-4.95856363185879e-07
383,0.1025884760128049,0.16702858438081758,0,-1.4962819689119703e-05
384,0.24435280338661566,0.5808815721220103,0,-1.147435539974653e-06
385,0.19412940102581272,0.18479901832698423,0,9.988601613879059e-06
386,0.12374771785241188,0.2663058554053896,0,-7.888043325409757e-06
387,0.26775125408636297,0.11995514087615315,2,0.005106319750736165
388,0.3332251528316473,0.3305553780277693,0,-4.755409995032305e-07
389,0.3252293605575555,0.010534692963848501,9,0.026685965494850573
390,0.014634544571941787,0.06929167222258863,0,-1.5552812893744823e-05
391,0.19335874617597282,0.5882176939577923,0,-6.410341778879652e-07
392,0.2705639911581645,0.014958025549626152,9,0.02567583052798013
393,0.2906758657978311,0.46873387785553533,0,-5.56143843629321e-06
394,0.23942495500191588,0.12931593771413818,0,0.0018635636261926298
395,0.13416447104499463,0.37720128722421165,0,-2.9262183233168425e-06
396,0.2693397067942208,0.07571509851693489,5,0.011793391627299839
397,0.2347463330505611,0.07567730601426789,3,0.008006819925316964
398,0.10171907868775093,0.2112513404938828,0,-1.0718201889705342e-05
399,0.23582475248016774,0.49728882284537207,0,-2.429789549221137e-06
400,0.019740422740987244,0.5747341104861483,0,-1.2956746283837192e-07
401,0.11038208776678532,0.4764124573101917,0,-8.563275644786853e-07
402,0.18485351893672503,0.21564446049215572,0,-1.4940158531427441e-05
403,0.2476542757993724,0.4181311003520127,0,-5.998597022744504e-06
404,0.05054857324528561,0.26457249222778917,0,-3.912274811533078e-06
405,0.1681338171561247,0.32888283102856836,0,-6.609492770583306e-06
406,0.12460647787264494,0.23594575838598517,0,-1.0544118107313612e-05
407,0.05920012001187601,0.5613096088964968,0,-2.197721352057383e-07
408,0.16698198989863017,0.2602146898331649,0,-1.2297646092313562e-05
409,0.3331646479075822,0.1406064001250433,3,0.006684353413540431
410,0.047040637869057156,0.06724648434849786,0,-1.2412734649334929e-05
411,0.2923258410524651,0.07041289505840877,6,0.013103827391588576
412,0.005676056303162379,0.2940830321692568,0,-1.8631337971553373e-06
413,0.2983119173294787,0.3537320328577526,0,-1.5568222844748955e-05
414,0.11186485198950906,0.5619180885583548,0,-3.6961406208466883e-07
415,0.06124993489649665,0.2787015879075672,0,-3.7805232352889943e-06
416,0.16547073468481752,0.07729553924838313,0,0.0009397106733098573
417,0.3397547001002871,0.5878700514887101,0,-2.7690692684945412e-06
418,0.12649971202021562,0.33743895668563184,0,-4.029667862515326e-06
419,0.2512979448595704,0.06394709882273086,5,0.012520147050213771
420,0.013594555877297397,0.1545555387901389,0,-8.021588420695248e-06
421,0.08854762075108669,0.4572384618653214,0,-8.34102067522032e-07
422,0.2956711249988924,0.15556423112102913,1,0.003697473796832359
423,0.172228115950412,0.2542137724556294,0,-1.3407346601466548e-05
424,0.312268489372587,6.706416815343008e-05,9,0.03242761402929591
425,0.3472606954998222,0.10339205857963403,3,0.008346010330743652
426,0.04123971082632871,0.4098232239875837,0,-8.354950080134531e-07
427,0.06621624577033039,0.1741774200421493,0,-1.087267978620287e-05
428,0.11162900644713866,0.5200669319961285,0,-5.603675681047565e-07
429,0.020777928226155793,0.3878006153186234,0,-8.488323048369002e-07
430,0.04885944232286318,6.095703453867784e-06,0,0.00017954662592795356
431,0.1907532477681285,0.2936060450254436,0,-1.1344525660004138e-05
432,0.27567710715936145,0.1637506166870583,0,0.0017912503430831106
433,0.25555644932587024,0.4837488726653601,0,-3.384819324721679e-06
434,0.0196323652799199,0.19389281414180887,0,-5.802971723107244e-06
435,0.12946082018769423,0.43465676163221706,0,-1.5727511880864196e-06
436,0.007551079929282189,0.46700898842350613,0,-3.368618136776786e-07
437,0.06107200451181696,0.1329700628755778,0,-1.4357682233263474e-05
438,0.2587098882312896,0.12477046635115208,1,0.0037042886893693446
439,0.2689303540121824,0.15657815129655728,0,0.00185240243235262
440,0.10589895330150294,0.3946275614477585,0,-1.8548122899599194e-06
441,0.19390029734344935,0.28391704658776035,0,-1.261236659184725e-05
442,0.12501125977150704,0.48705766644438603,0,-8.909360696307617e-07
443,0.2510378159061929,0.05904488086243931,6,0.01351967892576101
444,0.012622618711221955,0.13513430379525782,0,-9.541524348180925e-06
445,0.20995968218179223,0.22348473430580848,0,-1.030835807478741e-05
446,0.13437284470260996,0.19579621770755742,0,-1.517716236559543e-05
447,0.031038809274203636,0.3235986615605845,0,-1.7868901994876971e-06
448,0.048948506897542404,0.5917183167134454,0,-1.4636686867078487e-07
449,0.07809345504071932,0.22283688321396092,0,-7.729926864994125e-06
450,0.15206022868316518,0.018489970794217703,2,0.005357787053985961
451,0.05555348668435305,0.0674183205773694,0,-8.934993633496352e-06
452,0.03469641585701967,0.2506632951106726,0,-3.838095500481278e-06
453,0.22941629340438682,0.15958578441315074,0,0.00040751318095534844
454,0.277189243755018,0.2179791511260282,0,0.0002425463986564308
455,0.16524093428864875,0.358719253138338,0,-4.789116961736936e-06
456,0.11533945699516582,0.26175925656279475,0,-7.601957697688739e-06
457,0.10552570508932096,0.30105818972617876,0,-4.6975234788625355e-06
458,0.2827993500573301,0.24341428352287964,0,9.330683352880708e-05
459,0.24560499700271163,0.0780856423185904,4,0.009042623284953883
460,0.06326577059700683,0.2806012600316071,0,-3.7847962577541173e-06
461,0.22595145316454746,0.2905176338740089,0,-1.4954972211395439e-05
462,0.319874246627435,0.5805041816153276,0,-2.445242979848166e-06
463,0.1584271813898531,0.048332108976590106,1,0.0022365571263877064
464,0.26983985065912275,0.2752870223064386,0,-6.227753617714068e-06
465,0.037252296502451744,0.4472602864548309,0,-5.521623056268275e-07
466,0.23497125471689048,0.3074378237612305,0,-1.4293727682523505e-05
467,0.2991286215382346,0.5261708831806735,0,-3.420161695270041e-06
468,0.2582541836799044,0.20402695046924965,0,0.00019871423418376625
469,0.2837062874465983,0.5587415096141004,0,-2.119519326200497e-06
470,0.10038589206872875,0.5865493011319192,0,-2.5763123264003803e-07
471,0.09913027535263551,0.33951069556686686,0,-3.0064971261803874e-06
472,0.078144302581786,0.07673743483543305,0,1.2101616953674964e-06
473,0.018927745520305964,0.43671493805640654,0,-5.109409462840737e-07
474,0.21201294899370995,0.04461718570291238,5,0.011213082315025142
475,0.0531271812307906,0.21177693437469644,0,-6.758847689676325e-06
476,0.2564706423161841,0.18515820374114153,0,0.0004175135193778743
477,0.20379071345266206,0.5305012426604679,0,-1.2667699824956903e-06
478,0.14119918803720366,0.16822354106766207,0,-1.4263199352180331e-05
479,0.10797991948560495,0.3566414248207193,0,-2.7676449730832057e-06
480,0.10629608841167797,0.18241149725148761,0,-1.3973445417480417e-05
481,0.2132108134530327,0.0816503751697993,1,0.0041039954503469004
482,0.19883294629517023,0.44052636848936877,0,-2.962157996909352e-06
483,0.09638009413402733,0.4464565698771202,0,-1.0046282349297449e-06
484,0.12752959005532816,0.0457063429274938,0,0.0007551403269350936
485,0.3439196832897703,0.5926013003993711,0,-2.753157559098716e-06
486,0.15479294300917065,0.3655923779218085,0,-4.033260988646193e-06
487,0.07892448256454035,0.09454975263768754,0,-1.0767239498790637e-05
488,0.2640180714710052,0.28038423347505587,0,-1.1744548875570745e-05
489,0.1265244967086033,0.10948834753389078,0,2.5066754166327e-05
490,0.06296969071490094,0.16974993814603168,0,-1.0986126840300471e-05
491,0.3245686029498011,0.5144267276039823,0,-4.945098265875098e-06
492,0.34784514846358217,0.42564526782576645,0,-1.3783569990984143e-05
493,0.2911301234295599,0.4820962377872341,0,-4.895657099580087e-06
494,0.32868725144401023,0.39655763128018656,0,-1.4690375648117531e-05
495,0.009755177595857034,0.5471600965029578,0,-1.544995012094267e-07
496,0.34762913132896595,0.394088230644621,0,-1.5919109211548948e-05
497,0.11559151045088674,0.4493753073678664,0,-1.182039592307564e-06
498,0.31782925503425674,0.2832849278585298,0,6.838493226735953e-05
499,0.03603939630493439,0.5936056229274231,0,-1.2625458270811796e-07
500,0.31224495832217763,0.45191069016532853,0,-8.07477646617011e-06
501,0.25023724253679175,0.300164567532106,0,-1.5773547317700397e-05
502,0.2959200073422348,0.467574630187631,0,-5.922237596082468e-06
503,0.23422567513319953,0.3341260626357659,0,-1.1624203067182958e-05
504,0.06854044619544902,0.10369119690487012,0,-1.530522621064735e-05
505,0.336514359320456,0.055167555335253214,6,0.013518008337176278
506,0.25771585962891574,0.34907681169642735,0,-1.2465681216983601e-05
507,0.11098372040201997,0.30097653960418874,0,-4.962097849274061e-06
508,0.19313187415880556,0.5200551810278862,0,-1.2643282857527035e-06
509,0.08931076031273756,0.15361537704937522,0,-1.4973116193381467e-05
510,0.05419107696067999,0.09805889262852874,0,-1.5737267861920177e-05
511,0.02201745389482829,0.4984267401061769,0,-2.8429418323710765e-07
512,0.17709999501387938,0.25524697049804856,0,-1.3775183682781578e-05
513,0.2966822370423703,0.5740684300353481,0,-2.0696882773004396e-06
514,0.07938893094924071,0.11430803576472742,0,-1.5290207774985803e-05
515,0.056742537853216736,0.10099106333833911,0,-1.5742967347877486e-05
516,0.345495466011477,0.3550427288887661,0,-9.358433389731167e-06
517,0.029282660093860605,0.34097836183169333,0,-1.4758103788989636e-06
518,0.13791145813342243,0.2683192073289266,0,-8.850087847022498e-06
519,0.21549234309173854,0.18875297963610985,0,4.79114695593195e-05
520,0.2602744759140474,0.4163168730911654,0,-6.905167799232054e-06
521,0.3005322966572176,0.094143495830194,4,0.01028476912982294
522,0.046627983357008296,0.00013273318703188597,0,0.00015989069550956044
523,0.23218381002265187,0.4519645437191577,0,-3.682610233827591e-06
524,0.16195524822864046,0.2435989136134844,0,-1.3441996816641448e-05
525,0.004494679610839441,0.5559567083312956,0,-1.3424622912544723e-07
526,0.12947121139026538,0.4784874985004847,0,-1.0148419036096302e-06
527,0.1126783746235012,0.279360975301371,0,-6.243217217090246e-06
528,0.2401779811349563,0.32894691115793256,0,-1.2727410557031851e-05
529,0.059121757504212585,0.3393100082708573,0,-2.021382878032735e-06
530,0.09025448204141436,0.32578213256542826,0,-3.156037872825821e-06
531,0.1806959912463703,0.09016205033217291,0,0.00101102394134227
532,0.24099776620002958,0.08639610349999809,3,0.00693962924845098
533,0.22860626577226426,0.24092262532616276,0,-9.848363387407665e-06
534,0.3082692097346364,0.05185501388888782,7,0.015378160808170031
535,0.12986695302419193,0.5196824987666455,0,-6.748815580620278e-07
536,0.2326029349469232,0.47037574222444095,0,-3.078104686023098e-06
537,0.22265001843422735,0.5229487978806342,0,-1.6488877521462744e-06
538,0.16603330890530557,0.19156090521044014,0,-1.4010470164631753e-05
539,0.1615823512865645,0.270390607921059,0,-1.077680097602342e-05
540,0.16170515160969676,0.20279639363551394,0,-1.5721651167803652e-05
541,0.015865822758872605,0.48184255454227803,0,-3.155758377912264e-07
542,0.01292702935762115,0.3038871353455235,0,-1.8160539783005753e-06
543,0.24843092151337934,0.2510781945083215,0,-3.957729564382668e-06
544,0.3084606367945322,0.16439757497005195,1,0.0038050579210625506
545,0.24537272840792565,0.26835799109403796,0,-1.3651493551145303e-05
546,0.10170422811124728,0.38444517827011054,0,-1.9693136498158217e-06
547,0.27007527472068693,0.5062745673469848,0,-3.124092961407833e-06
548,0.33471912502520446,0.5669977437691377,0,-3.2432144011699243e-06
549,0.2861875697828848,0.027520636200611025,9,0.021473915304728773
550,0.09964612735963553,0.1276043164136799,0,-1.4376928856565196e-05
551,0.003236017573914557,0.4409211893526539,0,-4.188198814850913e-07
552,0.0989295401294036,0.4156555754559905,0,-1.4021739673209105e-06
553,0.14638399403363797,0.5187163070356017,0,-8.035961054282283e-07
554,0.0035394904008882564,0.39042791908865404,0,-6.960307416006459e-07
555,0.303237706291219,0.506321637382284,0,-4.34007258729781e-06
556,0.11704195199119348,0.2961979047990431,0,-5.5223526224250955e-06
557,0.3352468883561959,0.019028913455541828,9,0.022765163359896676
558,0.2948357037872389,0.5386927245980644,0,-2.8926239783149527e-06
559,0.3465171482984024,0.04735656445916076,6,0.014384997861434242
560,0.1798468488538867,0.12270004613551921,0,0.00024671267283679177
561,0.06894570367590867,0.4365540850431157,0,-8.433964290401271e-07
562,0.06991971677417623,0.11746688392920832,0,-1.5749819824275345e-05
563,0.3330904158550813,0.22379078314122347,0,0.0013849146844523194
564,0.06773407782899751,0.17910348194349412,0,-1.0549710728072019e-05
565,0.31792067351721354,0.3924547828277793,0,-1.4096741647452209e-05
566,0.059261003187793856,0.262344570776113,0,-4.361321247275971e-06
567,0.24160370381235205,0.3579619637671332,0,-1.0056418462348403e-05
568,0.043082560174120696,0.0953573391974412,0,-1.5644566704374994e-05
569,0.09971445369891976,0.3959180995079405,0,-1.7214431515459653e-06
570,0.06230828264795096,0.392185507352242,0,-1.230025730808011e-06
571,0.1877562521908938,0.1656095865787296,0,3.5784814020195354e-05
572,0.07219600065847245,0.22447132950503998,0,-7.188766511401331e-06
573,0.34691749970226715,0.054349143051576586,6,0.013125875606793317
574,0.30743666887918175,0.49665802331033726,0,-4.978730186322262e-06
575,0.05121053943354695,0.10304151158529477,0,-1.565938475612906e-05
576,0.3002305066745353,0.5384081314008257,0,-3.0607861106154145e-06
577,0.02889031779747357,0.04362145777685589,0,-1.0298098798828719e-05
578,0.193781071382377,0.34966983948104796,0,-6.926202275564984e-06
579,0.19909119973136383,0.3458651839428724,0,-7.563998972186506e-06
580,0.1417463297531016,0.16880327345762694,0,-1.4270274502680776e-05
581,0.2177256842284891,0.15390424824724488,0,0.0003197024701425433
582,0.15566210921915888,0.5646720803861182,0,-5.56804559263323e-07
583,0.07077493652321952,0.499801071887707,0,-4.563522148275235e-07
584,0.0957192722423409,0.4755962877257177,0,-7.457608073465661e-07
585,0.03346750414715313,0.3745844866391045,0,-1.0996595406566308e-06
586,0.10800735318907095,0.36070303012298544,0,-2.6583954136531306e-06
587,0.31579962801641215,0.10794013778148652,4,0.00899112450421244
588,0.3113476094714663,0.479973835214359,0,-6.0982992858345404e-06
589,0.13507939218819512,0.5518544292802687,0,-5.153707370069339e-07
590,0.13050673671962493,0.4805668486557809,0,-1.0042894747807632e-06
591,0.18024751446695894,0.3604127732049904,0,-5.4612705395414706e-06
592,0.20912782043725717,0.20379284841304596,0,4.419147492421851e-06
593,0.3254151213769742,0.23534068088398463,0,0.0007531691468097265
594,0.3049509187507618,0.16042291226638664,1,0.003913775544695728
595,0.24759919776307088,0.30030238080672905,0,-1.567670435629512e-05
596,0.024073363277854046,0.3434827833252671,0,-1.3663553094738761e-06
597,0.030535379016277852,0.21914578620524885,0,-5.036098231935803e-06
598,0.04389360454175144,0.2251149140594696,0,-5.416734767602865e-06
599,0.165476359698337,0.2670617939629411,0,-1.147314821088561e-05
600,0.2040623168135938,0.08195880546275058,1,0.0030954012940785864
601,0.1674929484976568,0.06153124609808107,0,0.0018798236353476155
602,0.2277981546994177,0.02467164247130724,9,0.02003386190683499
603,0.0048754616287605855,0.021658852890873125,0,-1.115113368624035e-05
604,0.32685276849401923,0.21959200373866664,0,0.0013263592828459307
605,0.29635002281055417,0.13849379121250827,2,0.005411050992803853
606,0.13694429034752148,0.029849731018699543,0,0.0020686715048765358
607,0.16444234007374406,0.49308387310625473,0,-1.243427046190128e-06
608,0.2026321528314783,0.27507676908473394,0,-1.4298280793861535e-05
609,0.12548589876199007,0.22730703794183238,0,-1.1457183406810478e-05
610,0.14921402714321366,0.0871860266755773,0,0.0003157510491185753
611,0.17277155684136372,0.5219171725653505,0,-1.0128180173120799e-06
612,0.313459209954084,0.35704358926845553,0,-1.590415767797751e-05
613,0.30073897050571685,0.5588878326495628,0,-2.5077754071310807e-06
614,0.04913795187861794,0.4974150221900008,0,-3.765394363844034e-07
615,0.00035244657322809343,0.5673340512502123,0,-1.1495308280731257e-07
616,0.31127927625200114,0.1790494554747024,1,0.0028367282856775707
617,0.13424650968720084,0.24782566849641552,0,-1.0333407943445101e-05
618,0.23413196261985514,0.24836691707035352,0,-1.0745147928503612e-05
619,0.2911631649519756,0.3771721107235842,0,-1.2990922362699774e-05
620,0.11297001693852135,0.49955449301258104,0,-6.972144542108571e-07
621,0.30138962663936747,0.19706261397290672,0,0.001299596657398871
622,0.17520477802579784,0.3701541746833113,0,-4.7188860724336946e-06
623,0.2557382376925719,0.3953997822799861,0,-8.08721182952056e-06
624,0.23821458181475122,0.27530721817559467,0,-1.5617033048470105e-05
625,0.1451732721869468,0.4891095865213331,0,-1.067455030016393e-06
626,0.21465024384405837,0.37847044128504326,0,-6.407856041625622e-06
627,0.25302959525521634,0.4732896676232072,0,-3.6633223751558237e-06
628,0.008887999835704569,0.3656563893549326,0,-9.40605587751531e-07
629,0.335938733686303,0.33042268373413214,0,2.3956074028170276e-06
630,0.05632455706068135,0.5017900192922583,0,-3.8724329989096184e-07
631,0.0751398631797368,0.5350083752440387,0,-3.352229001233791e-07
632,0.03644674385293073,0.28555941354438236,0,-2.7578963653621232e-06
633,0.08060068662040497,0.4490425635476887,0,-8.362699519223317e-07
634,0.02369327129130031,0.09549047289784242,0,-1.436958096344161e-05
635,0.07109837093659689,0.4074404646527726,0,-1.1529039568716358e-06
636,0.04690102725113206,0.43974191466768453,0,-6.554983929323254e-07
637,0.25904671828779735,0.31909339283179566,0,-1.5281513908817948e-05
638,0.15198262002950613,0.26410072974506243,0,-1.0466434009647753e-05
639,0.3122553411688773,0.31060365260200073,0,-1.0883965529176484e-06
640,0.030277588638388444,0.5971183662995467,0,-1.150791044942019e-07
641,0.1692387065489596,0.30820808161743807,0,-8.156451259158756e-06
642,0.25543263677097394,0.26950413035547305,0,-1.079356950881038e-05
643,0.3244515160442736,0.06548331614100711,5,0.012668144939532692
644,0.04180742174654932,0.1360768390377957,0,-1.2213518484953762e-05
645,0.2957443494855231,0.06481871902235016,6,0.013817389306603556
646,0.33904799939309066,0.23299880020943733,0,0.0012313525232502303
647,0.33534642147550503,0.09073506849884502,4,0.009703400378059874
648,0.022800813489552988,0.20355566776082695,0,-5.443079868517258e-06
649,0.1611278794041573,0.10504537252888546,0,0.00023870370631192203
650,0.08997072758078098,0.10783523650483846,0,-1.1673326883159836e-05
651,0.09235990193512694,0.3741934015522883,0,-1.987523809731118e-06
652,0.28430623271963884,0.36443320767117454,0,-1.3569832086138522e-05
653,0.23049846053188944,0.2999942721498526,0,-1.4554436383483378e-05
654,0.06471019017679593,0.4445911932222197,0,-7.460347917803952e-07
655,0.09114819370721076,0.08664685363624045,0,4.663933437216228e-06
656,0.25044813615513034,0.3843048407441832,0,-8.546897518410686e-06
657,0.1502458961381486,0.35282020646315315,0,-4.377153468772e-06
658,0.015087851616916613,0.2555748717353702,0,-3.006563049246111e-06
659,0.2039985604516365,0.1660928076673469,0,9.366025974365891e-05
660,0.26218578706520274,0.2973409191090694,0,-1.5521119697394743e-05
661,0.3076303972869469,0.33459488087868805,0,-1.4655539001043974e-05
662,0.045935787536477896,0.0977156316458704,0,-1.566061443724002e-05
663,0.2131776506894892,0.22041061746474958,0,-6.9223209129724915e-06
664,0.23829685860358601,0.3568092003834118,0,-9.861860997731544e-06
665,0.300064306527824,0.3384610601964864,0,-1.577160980572144e-05
666,0.11109595644382968,0.1417947194850827,0,-1.4827129753459286e-05
667,0.25219428383404535,0.05343549119710633,6,0.014832641753316894
668,0.08531727149782792,0.5437997695076034,0,-3.398572769772199e-07
669,0.041486464609953505,0.4704176948125968,0,-4.569462493796011e-07
670,0.3488361059376879,0.5582301193586728,0,-4.071214925187922e-06
671,0.17481587625987374,0.1466350453748905,0,5.4500594027348696e-05
672,0.09112876827929078,0.21832567762177138,0,-9.126964924118467e-06
673,0.2138851387324247,0.1028033058920731,0,0.002056038251537793
674,0.31764927850215646,0.2525843166932283,0,0.00029336477029111237
675,0.07486252125925191,0.2517589208402063,0,-5.650388235791493e-06
676,0.21286630880535995,0.3403703578592607,0,-9.08068067868029e-06
677,0.2423164179765528,0.24113525907709377,0,-5.289066780646596e-07
678,0.22110527877624336,0.2499425483869362,0,-1.472810073910185e-05
679,0.30710910340125724,0.03186764413702185,9,0.019658331590117976
680,0.2338691473455595,0.4436578980432641,0,-4.067370844869178e-06
681,0.19523083031052046,0.10888736834128844,0,0.0008380288059531107
682,0.12267437119095152,0.5350467843714493,0,-5.386641745747457e-07
683,0.016919541900118577,0.5934681938318016,0,-1.0444758966028611e-07
684,0.3336348413795859,0.2460083891206728,0,0.0006777949041997768
685,0.0190564672085826,0.5265954906716874,0,-2.0825187001433864e-07
686,0.3146618581747316,0.14534059155908244,2,0.00584569852073659
687,0.3172410094971806,0.5264193996994907,0,-4.083585073637058e-06
688,0.1062000824012996,0.3885861896300424,0,-1.9761769772124325e-06
689,0.21873705971790294,0.5811993137906108,0,-8.858331620338474e-07
690,0.16834415634472788,0.10566712072105915,0,0.00031978675496953466
691,0.3252254878313922,0.1188974192372316,3,0.008101674494412528
692,0.23766568234523444,0.2152919758180737,0,3.455091227481859e-05
693,0.18773001118048946,0.5483627857793152,0,-9.026940513117427e-07
694,0.30242840667281035,0.4024668279344206,0,-1.1594030079087695e-05
695,0.0342675287272096,0.09736092842774614,0,-1.5062492782586083e-05
696,0.10560747746081482,0.050091778475451716,0,0.00024135243795704096
697,0.0166707348092329,0.10563367189199514,0,-1.2742525343286714e-05
698,0.25427503321599015,0.5575374692749803,0,-1.5997144786225592e-06
699,0.020332058969440285,0.2601562652835155,0,-3.026339494403716e-06
700,0.023866263538977153,0.017158683382442395,0,7.891815764093923e-06
701,0.02853247098661282,0.2510849184052071,0,-3.5947281537368056e-06
702,0.008585595464663047,0.08555028481636726,0,-1.3904276923675273e-05
703,0.29300780675485033,0.5435516319686317,0,-2.706056791884172e-06
704,0.07003180977850303,0.032709162040921336,0,9.854199655390915e-05
705,0.2551897312373133,0.5783442118997885,0,-1.3112654003815916e-06
706,0.13635548026259656,0.19645878379390191,0,-1.526371951175343e-05
707,0.010106709886888526,0.09338489122054856,0,-1.3301841669462438e-05
708,0.07309518063542837,0.08560139536060522,0,-9.305106152771741e-06
709,0.01264686990262659,0.43169858478087925,0,-5.045543065383286e-07
710,0.3480333402565072,0.3718505133304107,0,-1.4221199990649558e-05
711,0.28807124667658407,0.5297224446935221,0,-2.957473064425079e-06
712,0.34477182305197307,0.060695916633206545,5,0.012280665102354323
713,0.0711270433617115,0.10636756668312315,0,-1.5314706372562167e-05
714,0.26260056799064957,0.40723104098070145,0,-7.710079762120693e-06
715,0.05927676133222076,0.3744615316613826,0,-1.424708220938998e-06
716,0.2695858215141028,0.2839739277282887,0,-1.100785603007291e-05
717,0.029823138461947615,0.43085670090310896,0,-6.040563110944342e-07
718,0.04030219416853045,0.4698966677293842,0,-4.539318415418422e-07
719,0.29403211754055125,0.3754070492657618,0,-1.3446772049207185e-05
720,0.07542672208745718,0.13031741311515177,0,-1.5544235606020722e-05
721,0.21938414845007317,0.14419731524235757,0,0.0005159427531116297
722,0.28896240549461777,0.3795316162492701,0,-1.253751562549124e-05
723,0.1626894705369002,0.27514168962700863,0,-1.0433268522707494e-05
724,0.03651881398020573,0.4665724521453003,0,-4.5187181597096943e-07
725,0.1757215142735425,0.25543301516406,0,-1.362629251072955e-05
726,0.14020704164884246,0.36950938689198926,0,-3.355468261296996e-06
727,0.2759740498669784,0.5549017506874401,0,-2.039059078870464e-06
728,0.2592712601478888,0.020086912369541143,9,0.02378760863945351
729,0.051148035169804124,0.3884123721865778,0,-1.1426085911937783e-06
730,0.23839400927910284,0.06173832752685395,5,0.011436142878246871
731,0.30223034935288423,0.5598762930323419,0,-2.52030309696731e-06
732,0.17261168644709776,0.14854069447744617,0,4.160033515193103e-05
733,0.0019465612100264594,0.3908521458603524,0,-6.821428226054251e-07
734,0.3471190322936436,0.42893237571208503,0,-1.3393520881425403e-05
735,0.17825668009434933,0.014030339628152122,5,0.012671096940518704
736,0.21518003024034127,0.24186799015917024,0,-1.4350193997366912e-05
737,0.3350075848062389,0.5179417973642895,0,-5.293744577467719e-06
738,0.200336020004247,0.4722645211145355,0,-2.190264144882585e-06
739,0.24919991363653876,0.06626975885956433,5,0.01181958391339158
740,0.18867439467423902,0.5198617714040021,0,-1.2116639831071858e-06
741,0.2777741030687518,0.5212441993433241,0,-2.9050290010058058e-06
742,0.038373414433150003,0.3999953908454776,0,-8.957563526772828e-07
743,0.10073801654136325,0.45957576801203964,0,-9.203086178651436e-07
744,0.26342038879597296,0.42354477505264426,0,-6.635580897307244e-06
745,0.25540420304770833,0.34911457784325306,0,-1.2232249113734204e-05
746,0.18249673989346096,0.5036648156584225,0,-1.3394605540747207e-06
747,0.14388741070842226,0.36575421331071234,0,-3.6132851951403576e-06
748,0.30304506640913564,0.07667988470519398,5,0.012153995201606017
749,0.3307869574504796,0.41545929806628445,0,-1.3114828920755998e-05
750,0.2842233680068968,0.24770106443101003,0,7.980043784889431e-05
751,0.15367661524747225,0.1710655358487098,0,-1.1661516719779666e-05
752,0.3282970264078467,0.16832399428643832,2,0.004616665349711332
753,0.13645964419550774,0.13685051564331502,0,-9.66435605405091e-07
754,0.28664444455450644,0.19526312212972954,0,0.00086074937276329
755,0.09001920223120373,0.3590636514164793,0,-2.25851743575776e-06
756,0.17141010473223084,0.41411811192984527,0,-2.933889448476772e-06
757,0.2875738370180038,0.3136680894714055,0,-1.4441346491771342e-05
758,0.15018725230835112,0.5257983336245358,0,-7.776316452400936e-07
759,0.12265155841125744,0.3984001565794261,0,-2.111154673761132e-06
760,0.15123963470436383,0.5009064187014908,0,-1.0079163257518927e-06
761,0.25965917956252593,0.3960631767662828,0,-8.34114612589183e-06
762,0.0644439482715363,0.5172454450113027,0,-3.598173160340288e-07
763,0.06677064118695537,0.15541829548255462,0,-1.276789654023171e-05
764,0.2599618267674128,0.24953013202060506,0,1.0322564327863736e-05
765,0.2937040178083179,0.2888662452016311,0,2.465141557790545e-06
766,0.20274058686454924,0.40201362517260036,0,-4.51826917535601e-06
767,0.3280426680966221,0.28874886130930527,0,8.751166874470464e-05
768,0.07824099851063876,0.49610186048881155,0,-5.102082249628109e-07
769,0.0017386057825550748,0.4913734786744737,0,-2.491278531720128e-07
770,0.008941889172101453,0.4919972599655623,0,-2.660507506558645e-07
771,0.19791761751934736,0.4186373508305092,0,-3.6510276644458877e-06
772,0.22940221215979414,0.016977574445311894,9,0.022896576396553143
773,0.13545512279160832,0.05152422766743079,0,0.0008180187813221663
774,0.13013153663863877,0.4665512473103074,0,-1.1510404626784815e-06
775,0.04533561520118286,0.1354881451095425,0,-1.2621473929373956e-05
776,0.09461444147386942,0.4317033157964326,0,-1.1439643823087415e-06
777,0.0977739493042555,0.15674851399397788,0,-1.533113801501609e-05
778,0.17531850794736675,0.5377820617551995,0,-8.865117083322416e-07
779,0.004562632996031218,0.3870153800271312,0,-7.275906713817907e-07
780,0.02918542066795489,0.15355413124465792,0,-9.377534100788661e-06
781,0.09843494748245585,0.4730093941468491,0,-7.863398088090771e-07
782,0.19060679785447898,0.5258698404525259,0,-1.163246495903098e-06
783,0.23361876101598922,0.5725649677505372,0,-1.1202806083069656e-06
784,0.2841048771771104,0.5996773363168918,0,-1.413605296711288e-06
785,0.21465141261854387,0.4374292483402819,0,-3.575698915982395e-06
786,0.2407658617100043,0.20860384171857285,0,6.53885131084139e-05
787,0.3109639958482066,0.0772954832521658,5,0.011871213786103329
788,0.12030268270753909,0.5652679292187953,0,-3.8885952852802015e-07
789,0.11727722680248549,0.5617311577632159,0,-3.9086954070832704e-07
790,0.3487880497382537,0.31395423346760026,0,6.649275143490909e-05
791,0.2421207202312948,0.09483996768596123,2,0.005734039998200739
792,0.31727234019161354,0.5003881361235001,0,-5.286952264792373e-06
793,0.21355859544007988,0.3298270944632002,0,-1.0070748774584438e-05
794,0.0537651114792336,0.3739270612254316,0,-1.3556428866816529e-06
795,0.10028675518986971,0.4871394277879986,0,-6.954716584040461e-07
796,0.17993682394588953,0.32552442840297,0,-7.653931597872403e-06
797,0.003903305404792645,0.40854636691272833,0,-5.828028560179281e-07
798,0.2765067519385647,0.4154075408334106,0,-8.141807953186318e-06
799,0.13121117072437566,0.36503149110795047,0,-3.208167946618736e-06
800,0.3162628202438546,0.5400245593120188,0,-3.5321697462810447e-06
801,0.08657236892842751,0.04648171811238204,0,0.00011361988919184373
802,0.18127855090693923,0.5660787043700976,0,-7.090052903672379e-07
803,0.025777848340441483,0.5153642693321953,0,-2.4918599719474786e-07
804,0.16092239874962017,0.3409957157612198,0,-5.468313066660174e-06
805,0.05417341099483668,0.3049742042314408,0,-2.7112173946546215e-06
806,0.33715486634140884,0.522958874528208,0,-5.1454900467563596e-06
807,0.19142533090944155,0.521314150262503,0,-1.2274347118712264e-06
808,0.016072761068406497,0.4052294605268432,0,-6.803326312303088e-07
809,0.04224114406833081,0.2881396594124247,0,-2.8476170345452955e-06
810,0.22533729409753872,0.4892874326243121,0,-2.37074012538609e-06
811,0.056738909098024336,0.13539998205810477,0,-1.3740384076268011e-05
812,0.14972868901642,0.3758327753548615,0,-3.4635669029907767e-06
813,0.06381820023495856,0.08444221419174038,0,-1.256421362154608e-05
814,0.16266094742069823,0.45407558768352707,0,-1.804021374577211e-06
815,0.21435400206921837,0.1173876519045749,0,0.001225551417465175
816,0.13558553175496338,0.14938363771281157,0,-1.0114235022774293e-05
817,0.15448863682466213,0.19629447038723555,0,-1.573740147509893e-05
818,0.14421956297328203,0.05771430797298624,0,0.0009010126020655174
819,0.03212245904701989,0.27429412474708253,0,-2.9558813348254156e-06
820,0.07979505019958014,0.5711529447733564,0,-2.4465583279409184e-07
821,0.33531839915671435,0.5791497768857568,0,-2.8903147275002422e-06
822,0.25805471914582234,0.31833989315431926,0,-1.5265495262087655e-05
823,0.059004816234540854,0.357515508219711,0,-1.6831333591974078e-06
824,0.13652043182542828,0.13792740051338495,0,-1.9069574877120764e-06
825,0.08011405077538858,0.12712612250419794,0,-1.575599902557197e-05
826,0.3123715284701868,0.19944588236006552,0,0.0016508286495667429
827,0.30546070717489204,0.2797109059993601,0,4.025969345862529e-05
828,0.01301481998717701,0.035312048795721314,0,-1.3013376452978659e-05
829,0.16654086022643363,0.27535097702909467,0,-1.0775695105591937e-05
830,0.17794370357709147,0.23793953490444442,0,-1.527405667664298e-05
831,0.10403549574247523,0.03254123361552275,0,0.0004952906502449032
832,0.23255906282875966,0.5494965498794815,0,-1.3959860111442995e-06
833,0.05508525669128522,0.16900829551618926,0,-1.031307515672038e-05
834,0.14975419104135212,0.38778194666565013,0,-3.0753427893329455e-06
835,0.2681615256314783,0.5576571087167671,0,-1.8350799730996952e-06
836,0.07096011438429503,0.542261606462342,0,-2.990232045282537e-07
837,0.006043999179915832,0.38896013144893904,0,-7.242161031102319e-07
838,0.12179923126549301,0.4905971054188266,0,-8.32816843990919e-07
839,0.1805010968183227,0.48491407901333416,0,-1.583735649578503e-06
840,0.07563921624626055,0.44065235786604046,0,-8.654946758904264e-07
841,0.24493473253748593,0.5976445318815631,0,-9.760536608562515e-07
842,0.3180269611761752,0.10860164432882387,4,0.008919658416117094
843,0.15843770068767912,0.5153689074595834,0,-9.37194753951238e-07
844,0.24209522141477594,0.0942967377372544,2,0.0058126783803060115
845,0.17526047620913365,0.010987345276976512,5,0.012905500845510618
846,0.04242254724553529,0.14951526942162643,0,-1.0958740164866134e-05
847,0.13715216317149784,0.5415352195797106,0,-5.833370467167828e-07
848,0.053116703221472494,0.31854639896445713,0,-2.3427287206314686e-06
849,0.205360441934248,0.12586172759459024,0,0.0006272611739781282
850,0.03760809414083954,0.29146130748103016,0,-2.630370629528191e-06
851,0.3319408856017354,0.5453258748605788,0,-3.914739967286902e-06
852,0.2224229319288073,0.23106266490998895,0,-7.852471210968415e-06
853,0.2503935525314952,0.08751278716654717,3,0.007946091040556954
854,0.26453051747365075,0.5681108759362794,0,-1.5942851970910595e-06
855,0.02639144768635547,0.17220865559951368,0,-7.655600004192413e-06
856,0.10161996239989408,0.10429917390545274,0,-2.813979877500998e-06
857,0.02797282609414736,0.5973932339475461,0,-1.1215130698880558e-07
858,0.2356923145030399,0.05218669855894757,6,0.013296249855468028
859,0.2526916130084222,0.21337702536788225,0,9.624526084309177e-05
860,0.24483992879952995,0.05474576230455228,6,0.013833377506795497
861,0.2270860512019838,0.09934053547998074,1,0.003465049921083754
862,0.17876454269847813,0.37905316498568326,0,-4.475172020498834e-06
863,0.2197819169136294,0.04645556340002301,5,0.012196661191684421
864,0.18891229775190518,0.5340585071754366,0,-1.0538386046365595e-06
865,0.03605912415276364,0.2372300344639953,0,-4.446244377055133e-06
866,0.2861110285052176,0.16647743988895936,1,0.00220462191245304
867,0.322704064820322,0.48137274138857555,0,-6.719549610637657e-06
868,0.3219120956525211,0.21385475717359514,0,0.0013800440446872211
869,0.1940624935485844,0.3121414369728567,0,-9.910272418037504e-06
870,0.2149495406025878,0.5320572971670664,0,-1.3940986820215115e-06
871,0.1396130238835688,0.10030518040935843,0,0.0001060339097466867
872,0.0071449460662215405,0.34927842002404036,0,-1.0888504122090293e-06
873,0.17436197852770266,0.10600556335566826,0,0.00040774833929655476
874,0.2504686576327878,0.5367653647096418,0,-1.8954189182041842e-06
875,0.29605579231050344,0.07938576435349565,5,0.011936246489687555
876,0.17730822754280823,0.14393251157284961,0,7.438487199265718e-05
877,0.10144120055761183,0.006700216378599499,0,0.001319544286560407
878,0.3160562729037556,0.5423407734717752,0,-3.4445464467059867e-06
879,0.009291512927953898,0.5606355840655343,0,-1.3439809484470406e-07
880,0.34365289937957577,0.08798190574949091,4,0.009521475335710116
881,0.3490847921579191,0.48491073316161915,0,-8.366350758901183e-06
882,0.26359198965788444,0.5842691484799282,0,-1.343899080986127e-06
883,0.15655850088975232,0.42464194189479243,0,-2.277882548284109e-06
884,0.05273631592061553,0.5503489856881354,0,-2.2989776795599186e-07
885,0.19427426427659422,0.5821421021745937,0,-6.874347098551497e-07
886,0.06862515976471896,0.5562781668434797,0,-2.539250105823646e-07
887,0.34077559084272874,0.07626392178678272,4,0.010671771577953812
888,0.15992512347444948,0.10431997603178429,0,0.00023371593265519904
889,0.03384810119366377,0.5769099027667763,0,-1.4596490151059105e-07
890,0.009618200320184388,0.5949304326395174,0,-9.569125420325008e-08
891,0.02304130627308666,0.580448159838374,0,-1.2647382227246537e-07
892,0.028941913315949818,0.19123853784288072,0,-6.524558337090516e-06
893,0.33396787119484683,0.5112260255696264,0,-5.598634635368056e-06
894,0.02621793291071704,0.5685852968992,0,-1.4699427466128078e-07
895,0.2521148145449932,0.03250761605581396,9,0.019884155528048033
896,0.18029634899847605,0.01318218356292955,6,0.013548295428796008
897,0.2793353825633619,0.564509277693807,0,-1.9155636818240557e-06
898,0.14378879790451063,0.48331612206254004,0,-1.1155871850896137e-06
899,0.2459252115936892,0.12145132286608848,1,0.0029317234023511014
900,0.24498270769009942,0.2509343579990024,0,-6.338024957410512e-06
901,0.25370287295744404,0.44611481197822117,0,-4.830659031450117e-06
902,0.3293399352884962,0.14823735864274992,2,0.006128693142569062
903,0.05477513125326379,0.5527469612592636,0,-2.2906808775125226e-07
904,0.14655918412131405,0.015749935688401617,2,0.004932878746990729
905,0.1980449846254184,0.42762595298151485,0,-3.3425120991145364e-06
906,0.2887019350054965,0.4559091183242158,0,-6.187572773206976e-06
907,0.33392400613749534,0.4490643941702454,0,-1.0144533407580194e-05
908,0.2965659684124166,0.026899745796484065,9,0.02138708735985884
909,0.2010612659244532,0.5487156566837911,0,-1.0275156472129e-06
910,0.3049899216958491,0.18051808810321401,1,0.0023688519762780106
911,0.34891414987432173,0.5088518787262755,0,-6.6317848040662135e-06
912,0.007447350375158534,0.4652550925685273,0,-3.4246699750302934e-07
913,0.2302543688924991,0.0912161841314578,2,0.0048222903293241885
914,0.24512330925310521,0.14193262952520472,0,0.0014425566032096496
915,0.225061066482502,0.5136806285054086,0,-1.8529250536987058e-06
916,0.2045944358177772,0.588693457269846,0,-7.137022755330536e-07
917,0.1747139642326842,0.13840457435707806,0,8.794562957751687e-05
918,0.30603303976291646,0.04805378815285224,7,0.016136562848644342
919,0.1354482124905247,0.25378933594681546,0,-9.897265256018822e-06
920,0.07615619099217197,0.22167250085698387,0,-7.672936617234117e-06
921,0.09715322858033205,0.1467058710295356,0,-1.5725235737807428e-05
922,0.20764202190403905,0.03406674231167828,6,0.0133413522220141
923,0.22763783649894553,0.5152016848111262,0,-1.8724759261171233e-06
924,0.08210481478258243,0.026542226024706437,0,0.00024467937022044987
925,0.2980230320779025,0.19746169844842112,0,0.001156368140390912
926,0.2201047691736366,0.26688486087116103,0,-1.5817078746910374e-05
927,0.1642072461801271,0.5379174715693226,0,-7.92372751400693e-07
928,0.13438287031168503,0.21535704297852865,0,-1.3510441731796608e-05
929,0.15775867512496072,0.12365955059283622,0,7.866573914850084e-05
930,0.1859741914263203,0.05309610374535003,2,0.0047037850387373625
931,0.3271811072859795,0.34721632276570713,0,-1.3231104940564155e-05
932,0.00369586208024642,0.30268660173033035,0,-1.6761349143433964e-06
933,0.18476066537383543,0.5109455169557445,0,-1.2738897903161574e-06
934,0.16272841710253813,0.3486957648818014,0,-5.158948321483342e-06
935,0.2847900817926745,0.12339917912397137,2,0.006217482507613903
936,0.22100535264461527,0.5653895840307733,0,-1.0612657992695134e-06
937,0.1959153585636261,0.05197465130670074,2,0.006445611178671284
938,0.15325766159800655,0.2691427751862685,0,-1.0117523655376826e-05
939,0.31852926125089226,0.5529401493794084,0,-3.1764042136004177e-06
940,0.2551041623252502,0.31777363534735864,0,-1.5098494450503575e-05
941,0.06850339369353003,0.07389680994569674,0,-4.856105251422433e-06
942,0.13672460239648376,0.1580193803510173,0,-1.2896168737756632e-05
943,0.30268749107539106,0.33959648702887085,0,-1.5702957950403856e-05
944,0.22336546218688946,0.4028685449263723,0,-5.49194122752052e-06
945,0.275731567657973,0.56944447664715,0,-1.7590587196022365e-06
946,0.32218229784713487,0.4175686155061835,0,-1.2049146408589917e-05
947,0.2880696252269413,0.15059415607730023,1,0.0035886566611176987
948,0.2862880896336904,0.5488224790487474,0,-2.401195474446602e-06
949,0.028462632727070267,0.2363150139635479,0,-4.16106010002427e-06
950,0.2614419810701946,0.036993132647886284,8,0.019080640391939352
951,0.0058700718685406935,0.4919133156997881,0,-2.5822730296614877e-07
952,0.06792494302598268,0.46519028258908696,0,-6.269689476945775e-07
953,0.02798513608744514,0.5733812891903566,0,-1.426062226239129e-07
954,0.16471871474469382,0.19752060337623514,0,-1.5155528710982921e-05
955,0.16169656958183404,0.010278122872794926,4,0.009409258921336407
956,0.07133650309435276,0.5510620884696767,0,-2.748643829350789e-07
957,0.29593010417163707,0.46672444286485687,0,-5.972481993846526e-06
958,0.281023419467743,0.5792760411490256,0,-1.680845117077298e-06
959,0.03169959446265044,0.11014672076700617,0,-1.376314421918233e-05
960,0.27684987139015654,0.1783181119106658,0,0.0011358252846345096
961,0.052310164970354664,0.40482180455944666,0,-9.81026353026922e-07
962,0.20119481012107168,0.08329345206161518,1,0.002699074518823823
963,0.06523085696925966,0.3617264931013543,0,-1.7172416717517383e-06
964,0.22752633158145993,0.07569057346581402,3,0.006951510285554022
965,0.3123309670137012,0.3412082670353494,0,-1.4961427613073836e-05
966,0.24714723865927646,0.31397419392209847,0,-1.4776923838493627e-05
967,0.031441939138361616,0.42724589648894956,0,-6.364741618862918e-07
968,0.1538245573660503,0.5816419092938354,0,-4.6136380174082785e-07
969,0.09965008646767831,0.027411064582410005,0,0.0005130277074502786
970,0.13486346382374464,0.5188559605402394,0,-7.15289041463987e-07
971,0.13597295898809272,0.5168225734717701,0,-7.381118637717489e-07
972,0.2914887662058925,0.2140172095490854,0,0.000505180997215257
973,0.3147181496812884,0.36652013876348516,0,-1.5743973525398064e-05
974,0.0013037944364025832,0.006779700381680631,0,-4.781703322424774e-06
975,0.11333401596064623,0.09367368638005302,0,3.1374369506333566e-05
976,0.18886276486439693,0.06692569595162146,1,0.003212030041914622
977,0.018900714465286076,0.18595922554457592,0,-6.2282556409867995e-06
978,0.25089085664212535,0.3538378050052134,0,-1.1322179071340056e-05
979,0.18198655877669387,0.43014456963338854,0,-2.7780271041250004e-06
980,0.1494508334976821,0.4006773214227312,0,-2.6958370157871115e-06
981,0.009603069790191114,0.4898557539884982,0,-2.736108270029564e-07
982,0.12512689341175512,0.13613458719126484,0,-8.674544963934356e-06
983,0.012385958805415674,0.47647450029825505,0,-3.216027617109318e-07
984,0.049777091797150896,0.023793164238626763,0,5.059174520969756e-05
985,0.17310030867162868,0.11534851093273939,0,0.0002551389974564473
986,0.10833077522669557,0.09240072794172098,0,2.301548825731867e-05
987,0.2709611090422383,0.30925700383228105,0,-1.572556844718563e-05
988,0.21272209834290357,0.5077858721152578,0,-1.7377941071457073e-06
989,0.07842445962235661,0.2733189325056401,0,-4.729265633533812e-06
990,0.09444899708109321,0.36863235300712555,0,-2.1453495212501576e-06
991,0.28737816752086115,0.5391124677549387,0,-2.6744675566317807e-06
992,0.14101577804805462,0.14876987339197373,0,-6.811138788243632e-06
993,0.21261410229627994,0.2377742586056599,0,-1.404244108563943e-05
994,0.23159829880257357,0.5632711596755832,0,-1.2048162730214538e-06
995,0.2998216981957494,0.26065421684214574,0,9.0292363370591e-05
996,0.026852396149307803,0.15019491842033078,0,-9.46723416858916e-06
997,0.3017839090172447,0.26589317243064126,0,7.537017842106115e-05
998,0.11607479405612028,0.3378844328048558,0,-3.617044350752979e-06
999,0.3477753907553252,0.4522875151186898,0,-1.1144592232341195e-05
1000,0.08720285508178005,0.5495231339454315,0,-3.2705385688489084e-07
1001,0.013733236276453113,0.18185383723993023,0,-6.16409404203327e-06
1002,0.3292191287846299,0.36795932634104356,0,-1.5829479027903705e-05
1003,0.16064840479269146,0.5365827291706752,0,-7.749917689366932e-07
1004,0.17913112592599414,0.45027842832701565,0,-2.2083189011188742e-06
1005,0.12785476569780943,0.426292644870137,0,-1.68270636132679e-06
1006,0.32745724942699567,0.4958435867922869,0,-6.109840823255426e-06
1007,0.21713688029860842,0.575547730351892,0,-9.22477400223559e-07
1008,0.3103321478146916,0.005629416956109878,9,0.029358375616371737
1009,0.23161171124394211,0.1910229068523982,0,0.00010522701743548864
1010,0.1124066799331255,0.13450604060445262,0,-1.3073417466527105e-05
1011,0.2354932331632231,0.5766290125556054,0,-1.0959851412501195e-06
1012,0.2528827646586722,0.45279941134003904,0,-4.484407271713504e-06
1013,0.25880934339064127,0.0645387484503357,6,0.013069793157631663
1014,0.09450117074554755,0.013323075898333302,0,0.0007549480345151465
1015,0.026815252634394552,0.5165011548895624,0,-2.489354274392499e-07
1016,0.1398155174819498,0.5785911662652964,0,-4.135696759066158e-07
1017,0.1492649856446001,0.43554231854109837,0,-1.8994981131474585e-06
1018,0.2522125583916599,0.36189361774468165,0,-1.0674850413840432e-05
1019,0.2767118857610149,0.43042526140000975,0,-7.060120124617345e-06
1020,0.17646578045261782,0.3415973497509624,0,-6.331343923802571e-06
1021,0.2860503775557251,0.08980392677294084,4,0.010514750153417922
1022,0.2398023055689362,0.013541836127625917,9,0.025153593989344594
1023,0.1838863348946808,0.5039834026550476,0,-1.3538445141723644e-06
1024,0.1852350311783838,0.12571550906585796,0,0.0002733859156822248
1025,0.21614779426630193,0.25555544414022946,0,-1.5708144304843983e-05
1026,0.04193915383870121,0.3113360811679719,0,-2.252005545091206e-06
1027,0.2873417067206695,0.2041781281354011,0,0.000633711960263621
1028,0.11227287901435443,0.4360725683690347,0,-1.3061846273752508e-06
1029,0.14650460484347333,0.1466047678570642,0,-7.664567375783581e-07
1030,0.24885640078499935,0.21678545545492883,0,6.44773421908724e-05
1031,0.009981348461315353,0.1803402817852701,0,-6.030432491535834e-06
1032,0.13987804270960097,0.3306371146671017,0,-4.922173395316054e-06
1033,0.09402610493553176,0.21779935561411026,0,-9.421543979730237e-06
1034,0.07310874569333393,0.14798788623406367,0,-1.4090237926071681e-05
1035,0.08547173844069784,0.15241513475563667,0,-1.477066729327495e-05
1036,0.2700189846786166,0.06061863013173116,6,0.01440462580772191
1037,0.08278866086599311,0.2848715526951782,0,-4.403439465554463e-06
1038,0.22821111135512506,0.21494243104410693,0,1.5584249497790248e-05
1039,0.30396451610100833,0.3635017703456571,0,-1.5323456189251073e-05
1040,0.2592207336207464,0.24412617566924846,0,1.8010308639705036e-05
1041,0.344210893005777,0.41058861801288965,0,-1.4815409371352925e-05
1042,0.34041523660187983,0.003420841049971357,9,0.03018976518944593
1043,0.15775902298443348,0.3746718942801573,0,-3.795037013462872e-06
1044,0.2620273181251846,0.2167343446908712,0,0.0001293579171619411
1045,0.18272808996611833,0.039846675551625556,3,0.00658317913346688
1046,0.11864347030785388,0.3616098434627194,0,-2.9290235425414297e-06
1047,0.1056511951644871,0.1548432697456335,0,-1.5734348342077723e-05
1048,0.22946265538157376,0.010623621571691099,9,0.02530445012717601
1049,0.028952443461392384,0.14347660067088577,0,-1.0260494244561371e-05
1050,0.16066477931740825,0.4633609243142993,0,-1.6117131446877308e-06
1051,0.16737915320109148,0.5760102134216358,0,-5.588134207686211e-07
1052,0.2835063689901012,0.19174638714577866,0,0.0008785703239609817
1053,0.3348080517079413,0.5252704705869183,0,-4.914174680526329e-06
1054,0.18960414694953193,0.2984146884474459,0,-1.0771150970115728e-05
1055,0.05103667326646441,0.3384088737623732,0,-1.8815365164570999e-06
1056,0.3253948842155261,0.4598656274238757,0,-8.480473061829538e-06
1057,0.15507496861759174,0.41340753984887735,0,-2.5109467172481463e-06
1058,0.22735092041597615,0.04698797000192385,6,0.013363210370556182
1059,0.04166662119299179,0.01819322439018105,0,4.2803950966986076e-05
1060,0.24150669304739625,0.43929972380976007,0,-4.581117991130726e-06
1061,0.13286458067478543,0.26548490899263877,0,-8.668458436033859e-06
1062,0.06032119924814181,0.1318366970858919,0,-1.4391092851865675e-05
1063,0.25696229847909813,0.04348719522698836,7,0.017373736291504124
1064,0.03756852851237764,0.295520490770291,0,-2.5248840705074733e-06
1065,0.055850421020896455,0.5413602761472522,0,-2.5946549875190607e-07
1066,0.1273677240611842,0.2397969011682215,0,-1.0441603340332385e-05
1067,0.29552915573780203,0.020984446601409367,9,0.02326131508969456
1068,0.06008446200915856,0.5367845802880569,0,-2.833459956178312e-07
1069,0.06340941137641687,0.5810262794863212,0,-1.8819351163638517e-07
1070,0.28834360801761866,0.09069945279230478,4,0.010474506622618302
1071,0.23474509529242565,0.16871301132534702,0,0.0003445555996890375
1072,0.3398324192967162,0.5656981842446198,0,-3.456696011393135e-06
1073,0.14509068397932562,0.07413458279083791,0,0.0004688628171978339
1074,0.29483992699276024,0.3370901236550653,0,-1.5872391517654448e-05
1075,0.026794071327312735,0.546746528106194,0,-1.8392588336688507e-07
1076,0.21600523452461812,0.039408194684888584,6,0.013451440560852256
1077,0.008829215472418793,0.27928442722495855,0,-2.229148151885465e-06
1078,0.12653714401502944,0.1255873466473319,0,4.261867307770647e-07
1079,0.13850863022691443,0.22595601900788653,0,-1.287653291127388e-05
1080,0.2382285710392604,0.5738841765314598,0,-1.157637947152282e-06
1081,0.281871831161709,0.5898310578494548,0,-1.5254343944932327e-06
1082,0.0013174901360091084,0.519824672094568,0,-1.8665300471221623e-07
1083,0.09772979812449871,0.39008068592629175,0,-1.789078336638749e-06
1084,0.20218723712134332,0.57639795093814,0,-7.87901969101876e-07
1085,0.212713328965845,0.05842284819461991,3,0.00801087395987257
1086,0.0354009594878534,0.46252309151004095,0,-4.6532012767485584e-07
1087,0.25015620276737405,0.4759666279845436,0,-3.4665493401618007e-06
1088,0.3128373503517556,0.5807438773506788,0,-2.2743021826463743e-06
1089,0.3123685791370365,0.22121247567804306,0,0.0008063686377498384
1090,0.17824855937547948,0.33658855708384344,0,-6.765168604628601e-06
1091,0.16327215376515594,0.4369419666895786,0,-2.1539868992722813e-06
1092,0.22634768087417087,0.13153680686226188,0,0.0011045727441624316
1093,0.2580241807464146,0.36976385379204074,0,-1.047966024736268e-05
1094,0.0018369144888447095,0.2464207353473072,0,-2.886523481021265e-06
1095,0.008513327487288041,0.411689746090403,0,-5.913853709484551e-07
1096,0.2966361800099767,0.41395843041678776,0,-9.955435840082527e-06
1097,0.08787993933602856,0.5856105898284214,0,-2.295277953013164e-07
1098,0.09641877953478921,0.18696134177730125,0,-1.2576129269102263e-05
1099,0.21798354757447058,0.12934021828836273,0,0.0008854568591502389
1100,0.31205417322537876,0.3653423422821427,0,-1.5679093866280566e-05
1101,0.13269295235215706,0.010365691596776139,1,0.0037334483918127267
1102,0.15926616522728473,0.39048647129558584,0,-3.290802732534915e-06
1103,0.07728083028040086,0.263642339279279,0,-5.146255847974007e-06
1104,0.19327902033439465,0.08855460552629503,0,0.0017076334708860223
1105,0.22712826851491924,0.06278638866535848,4,0.00948908639697555
1106,0.2397403172178631,0.5500141300706628,0,-1.4919113556053629e-06
1107,0.18512461737229546,0.28732851578137897,0,-1.1408924559893968e-05
1108,0.3271136337736474,0.06291706451768343,5,0.012869720282463741
1109,0.20619828649859964,0.1755405203672857,0,6.183559955775232e-05
1110,0.13870780301549407,0.36720420502373113,0,-3.3826205833985403e-06
1111,0.09615422146741784,0.1869803607565309,0,-1.2548029905091996e-05
1112,0.11929864230758795,0.46416470831608675,0,-1.0580025399020495e-06
1113,0.2788676750664492,0.39432125668742385,0,-1.0130331124023736e-05
1114,0.08806053293610289,0.1304379111906987,0,-1.5717645365249856e-05
1115,0.04616922908758611,0.3548271228789987,0,-1.5210174632274182e-06
1116,0.030202689871477444,0.4778031939781435,0,-3.791772501843109e-07
1117,0.2955224909414961,0.05035285770467788,7,0.016093801307440803
1118,0.19199223453655276,0.25613515233679246,0,-1.498577403275297e-05
1119,0.3376623748624262,0.1803794490279474,1,0.004169555164638379
1120,0.18580134254917585,0.3479666911485726,0,-6.51639962546338e-06
1121,0.3008001603865577,0.08644961595163943,5,0.011102193969742614
1122,0.06605421635802844,0.37274546479060827,0,-1.5508312019233125e-06
1123,0.015874705044349856,0.34441566315349065,0,-1.247245702040609e-06
1124,0.23466314014434894,0.43986082421062,0,-4.257165870143248e-06
1125,0.11309428896172947,0.008526371853535464,0,0.0019372734143257803
1126,0.18414365530227117,0.4392998528018052,0,-2.5904732484523376e-06
1127,0.0081334734135462,0.1433815956107312,0,-8.470195720118477e-06
1128,0.2524898935720857,0.02626641964333729,9,0.021664966532142827
1129,0.289291900042631,0.2156202011052004,0,0.0004364175048479138
1130,0.21823249146757231,0.020084141607421068,9,0.020140560510917484
1131,0.10503217723568757,0.5364085604189281,0,-4.455516068213212e-07
1132,0.12790096453474784,0.021484444101887257,0,0.002042477630709145
1133,0.2513604212255248,0.028201811472964453,9,0.021049485198721064
1134,0.013708481352398959,0.4786289967616428,0,-3.189338430419548e-07
1135,0.136122142560849,0.0010462480248020877,2,0.0059168038556809
1136,0.308843080082918,0.2915082101044989,0,2.058775769693668e-05
1137,0.23641680303039964,0.5417962332599092,0,-1.5668130996846431e-06
1138,0.16042554533791253,0.0628206045791698,0,0.0013768900977157036
1139,0.199101665048369,0.42627065358145844,0,-3.4237597260236284e-06
1140,0.007110066554738553,0.2908570454467811,0,-1.951930136751533e-06
1141,0.0883330757239477,0.5344325222538359,0,-3.846418780019654e-07
1142,0.23626009323993852,0.12884291205723974,0,0.0017105705275920371
1143,0.29027975938051054,0.03843928707677204,8,0.018621118435277757
1144,0.05006198322684448,0.3219718307455006,0,-2.1959517542376515e-06
1145,0.058864712683391246,0.003556829369651071,0,0.00024391798173331957
1146,0.012625755481579687,0.5991588200886987,0,-9.452721447250979e-08
1147,0.2352874545932593,0.24670759602113296,0,-9.450244921076975e-06
1148,0.1430347719048565,0.406945251369589,0,-2.375391116094695e-06
1149,0.12674432249414944,0.46772875050107376,0,-1.0997466910947107e-06
1150,0.3276996437775329,0.3572684650685529,0,-1.5097271796601359e-05
1151,0.31275749042285594,0.36795782182125325,0,-1.55850678052336e-05
1152,0.2706778950994313,0.021587201784708274,9,0.023424266678473794
1153,0.19506334996357075,0.5546455972305951,0,-9.121064485265408e-07
1154,0.1586266659884844,0.2834061154770135,0,-9.324126677232495e-06
1155,0.34864001864851124,0.05454097079986002,5,0.013008275138215203
1156,0.17230493461465188,0.5875283012385688,0,-5.231247129915272e-07
1157,0.3249874662781671,0.09725107318320104,4,0.009622693638572493
1158,0.20922801214826225,0.1650574559204689,0,0.00012921226015892305
1159,0.2564590468565789,0.22373087120183274,0,6.645979770367782e-05
1160,0.2455396422443166,0.39070201342931016,0,-7.674021366499593e-06
1161,0.14619528388546388,0.5714082508716153,0,-4.735919055952613e-07
1162,0.21925080850019096,0.5630235017924373,0,-1.0678097219828936e-06
1163,0.19623921385321771,0.5157163353075258,0,-1.3619527147094382e-06
1164,0.16110014200332548,0.4583212235746726,0,-1.7023571044153918e-06
1165,0.01527402478822899,0.3964633141831961,0,-7.367594568683919e-07
1166,0.24502597719028602,0.18210422511431068,0,0.000297471967428067
1167,0.025959106338826775,0.33669548739010363,0,-1.490087956775686e-06
1168,0.28401673848147035,0.2866767474692615,0,-4.3655781740175895e-06
1169,0.13540189272458203,0.11298088262605152,0,3.805957004107762e-05
1170,0.20041647720541814,0.5152937375839044,0,-1.4259265288631912e-06
1171,0.03192050611580075,0.5719961294407478,0,-1.5039251461743988e-07
1172,0.05414935003913107,0.5555071761552373,0,-2.2144347722606729e-07
1173,0.029503681938230122,0.34558259451905504,0,-1.4125318366257976e-06
1174,0.043898425223223736,0.3036760007497644,0,-2.4790773581537872e-06
1175,0.32606344274052723,0.14088594805524549,3,0.0065820936095190045
1176,0.25850806788120967,0.5785026168998987,0,-1.3532465705478139e-06
1177,0.22046459569690383,0.50078473249425,0,-2.0133193190339717e-06
1178,0.09889313332759322,0.44523908939958795,0,-1.0427720667685163e-06
1179,0.3058729091814777,0.1482369865865417,2,0.005087636273708959
1180,0.03825284529652892,0.4559450615891137,0,-5.113172905749587e-07
1181,0.0029344209099127325,0.35447036371902957,0,-9.911889592401567e-07
1182,0.12546664266351307,0.30949335963972424,0,-5.262403259015544e-06
1183,0.3182072531103791,0.31051407715600393,0,5.310666601786314e-06
1184,0.22402792421609077,0.07763344202143192,2,0.006107345063344797
1185,0.3485935411216313,0.3872046834200244,0,-1.585561072719623e-05
1186,0.057504453011473555,0.31407976353768025,0,-2.5592057069958365e-06
1187,0.03316987972090835,0.052793002175199354,0,-1.220904295360295e-05
1188,0.1392813477505307,0.054424217124342464,0,0.0008465677457804809
1189,0.34899353869190514,0.2959290866852545,0,0.00016605371051893093
1190,0.2341897049037663,0.3170756713916362,0,-1.3309735959835548e-05
1191,0.3384621217870203,0.12323094987739262,3,0.007613360478414719
1192,0.27134750079129066,0.3519878916545713,0,-1.3522250416950685e-05
1193,0.31525901683260144,0.293133528147764,0,3.0509727355035602e-05
1194,0.1933308166230429,0.3606019697262684,0,-6.197889451501996e-06
1195,0.02136341470472714,0.38576525232741227,0,-8.713661106323157e-07
1196,0.2878230061902836,0.566160972734803,0,-2.0505387807230766e-06
1197,0.27429689081867403,0.11267217677488699,3,0.006669322927898402
1198,0.03721823210630113,0.4629015334925511,0,-4.7205384801222346e-07
1199,0.11904824358646353,0.3183671043788029,0,-4.523377670480306e-06
1200,0.10379178972330907,0.17972335776371554,0,-1.3990695884591724e-05
1201,0.03492797751370922,0.001253007440967857,0,8.115073855304231e-05
1202,0.13896829502823757,0.14247701543301927,0,-3.7197770051561207e-06
1203,0.2448999582898529,0.00897127569011662,9,0.027253212887284564
1204,0.21016630183127935,0.5090640163157661,0,-1.6725525496219354e-06
1205,0.15210421254386924,0.2760260674097916,0,-9.399659426584248e-06
1206,0.036836875208687635,0.2765996629831794,0,-3.0276223462734595e-06
1207,0.08841224489132633,0.09235093733720641,0,-3.79856100973007e-06
1208,0.04060893083177231,0.3410606424396521,0,-1.6511634380814207e-06
1209,0.09583665166387964,0.4641264712810184,0,-8.37369962068129e-07
1210,0.1636003227797045,0.21649457653953041,0,-1.5641603644498328e-05
1211,0.09652363454246517,0.09855130254018964,0,-2.2199257791112406e-06
1212,0.23447469098137555,0.27987440328522606,0,-1.583526712196989e-05
1213,0.27145054847351546,0.2273502153308117,0,0.00012056258422628984
1214,0.33391783725150065,0.4258799802883883,0,-1.2387410376083545e-05
1215,0.08784428961247624,0.4973163652376654,0,-5.547834387014349e-07
1216,0.16006679254632358,0.038108450195250394,1,0.0034619616783845824
1217,0.10569990676748785,0.4988515987223614,0,-6.529684928517198e-07
1218,0.24975839837679245,0.1289180772054435,1,0.002581668079214304
1219,0.30699390916621544,0.4850421990585797,0,-5.559500167931238e-06
1220,0.09702911668858885,0.14095380287250783,0,-1.5750459783449205e-05
1221,0.10759826029384646,0.41756381954577,0,-1.5000254811100036e-06
1222,0.05129815972787975,0.20957565277093404,0,-6.783556842954146e-06
1223,0.28283131917247234,0.5975361741924005,0,-1.4259567201470717e-06
1224,0.08038144977184097,0.09155408172319142,0,-8.619321769087982e-06
1225,0.2021457343909415,0.4841629032469843,0,-1.9801942707302354e-06
1226,0.14208322435156562,0.22586308470430674,0,-1.3236865173052588e-05
1227,0.32282502377025407,0.5515604366654929,0,-3.3608526440862665e-06
1228,0.22244983071155894,0.5434086945755832,0,-1.3412558946924857e-06
1229,0.01287981716952219,0.42458651147837595,0,-5.430067314426266e-07
1230,0.08780028637177797,0.5345267641744038,0,-3.822403479445718e-07
1231,0.34617009490824674,0.2734448969996563,0,0.0003796298629386862
1232,0.05801182351860357,0.11922558099932021,0,-1.5190042705084962e-05
1233,0.09962666372361845,0.10502159050440253,0,-4.975733252457623e-06
1234,0.005972987783064321,0.4037701015783921,0,-6.240843863478428e-07
1235,0.3123128247264148,0.4529501677599479,0,-8.000168479657313e-06
1236,0.034187381118633044,0.09046385760491413,0,-1.54772749539546e-05
1237,0.10816166508509806,0.3996569716819422,0,-1.804165263238148e-06
1238,0.335155435966962,0.28545186205576495,0,0.0001452961660943805
1239,0.2331082321375326,0.015191402791875185,9,0.023955728958402
1240,0.26039001060325695,0.03593714957778484,8,0.019313030357270247
1241,0.07911255465475499,0.1534458835542329,0,-1.4139266932468887e-05
1242,0.3366200300534118,0.44947037808270274,0,-1.035544662681305e-05
1243,0.17811321583316697,0.1687076476877933,0,1.036085262676263e-05
1244,0.1892613466175845,0.21139036213587925,0,-1.326195586785311e-05
1245,0.25885632491708865,0.046787922401876965,7,0.01671722386863909
1246,0.1771210241286725,0.5959935812260917,0,-5.043413148841411e-07
1247,0.026669458421983015,0.2384859753536017,0,-4.000299128644365e-06
1248,0.02014388171147559,0.3086923357154538,0,-1.8602159366908388e-06
1249,0.2463699466251527,0.565915180380794,0,-1.3596845268469854e-06
1250,0.2789023043033577,0.021578729673400177,9,0.023378879088724363
1251,0.25693071554351793,0.011153083905900219,9,0.026903293623379586
1252,0.01812876258715953,0.020288852187599904,0,-2.0704033428652143e-06
1253,0.009941846946129434,0.21605935042251811,0,-4.234297805872518e-06
1254,0.27450763053885835,0.17223814829717987,0,0.0013010324736143811
1255,0.04921774989361465,0.40456908171322686,0,-9.535980882871964e-07
1256,0.2013378883535108,0.36323878915111585,0,-6.531091768757387e-06
1257,0.11639628904771193,0.12553726204315138,0,-7.56788065310905e-06
1258,0.2320973938928787,0.21898895909195756,0,1.5217478037396836e-05
1259,0.19958469635378695,0.5941571975415063,0,-6.428028336926593e-07
1260,0.13346633159264099,0.20327071440804317,0,-1.4532942708180355e-05
1261,0.012903119160419568,5.9923107107739956e-05,0,1.778316979744981e-05
1262,0.28418196879375396,0.5102227318394684,0,-3.4557665098170776e-06
1263,0.16211607446128887,0.1463034085220354,0,2.1813572738556434e-05
1264,0.31329760288356434,0.36808189422827436,0,-1.5606951901738e-05
1265,0.30325606088760726,0.5467240396277644,0,-2.903254422881976e-06
1266,0.22960497498457882,0.4541260669880217,0,-3.513000427968373e-06
1267,0.27075726638195674,0.34932586716118097,0,-1.3722119969204747e-05
1268,0.17439968945682988,0.5770936076956725,0,-5.929233349552072e-07
1269,0.11751107360368236,0.1368033007185606,0,-1.223125033394347e-05
1270,0.23040355774851587,0.17880663557832316,0,0.00018153934968213474
1271,0.034385745295267695,0.4774443023046613,0,-3.9677758998796867e-07
1272,0.23010248197241862,0.23054279705490094,0,-1.892122335836932e-06
1273,0.320013342664135,0.11254368450653512,3,0.00860134325829442
1274,0.17196814563239554,0.061925542106848086,1,0.0021737691196602738
1275,0.29222295622215816,0.3751278058357033,0,-1.3297281401438274e-05
1276,0.33648122365239036,0.38932810918725064,0,-1.5710891228157877e-05
1277,0.3211627209733021,0.4485334797777292,0,-9.067438629811202e-06
1278,0.11071420559331414,0.040043460739929745,0,0.0004757262300676413
1279,0.10666458208190734,0.48976796877197354,0,-7.21975399500373e-07
1280,0.2502815968689432,0.3525953808803119,0,-1.1384055772795123e-05
1281,0.061436175819811666,0.11234404298038955,0,-1.568719450185368e-05
1282,0.3252277201403168,0.34924838039350475,0,-1.4171404078256758e-05
1283,0.13160756938832907,0.15032534307720324,0,-1.2071350489958864e-05
1284,0.13496048495853394,0.2759856823243055,0,-8.003055871927252e-06
1285,0.22574191250515366,0.5839040629971806,0,-9.246227963855797e-07
1286,0.0799088496466368,0.5240515042664813,0,-3.9228512183616494e-07
1287,0.1363566977785919,0.43890560078590574,0,-1.6147426959665393e-06
1288,0.11628559913109889,0.2176248163756695,0,-1.1505807829666351e-05
1289,0.1635746959313723,0.5966798205023036,0,-4.37536971679036e-07
1290,0.04937577662807938,0.02422565227890052,0,4.78826825095179e-05
1291,0.015935304965461132,0.36885915470440217,0,-9.77396349317703e-07
1292,0.12382394496415515,0.13219556788557915,0,-7.123910829547368e-06
1293,0.10508027220131051,0.37141998817494554,0,-2.3198588746537855e-06
1294,0.029469392419703342,0.09071116588439843,0,-1.5189001262064051e-05
1295,0.18877950734926857,0.5454905205171835,0,-9.38774052475891e-07
1296,0.004206487287044913,0.568012851921474,0,-1.1865702149817836e-07
1297,0.14328606016614273,0.023343608917156675,1,0.003338857583685579
1298,0.2050044235560343,0.4854420368564178,0,-2.011581082001868e-06
1299,0.12590862713024362,0.19263871885282602,0,-1.4786079181576445e-05
1300,0.11959362282023743,0.2642870538471368,0,-7.728657796227393e-06
1301,0.07001437055404726,0.556065195152759,0,-2.580216173084986e-07
1302,0.213109192545804,0.28725438169193307,0,-1.4143755199532726e-05
1303,0.2526639764370772,0.13843132019629004,0,0.002065565298563511
1304,0.28840631123155486,0.07850012374625633,5,0.01203341511796492
1305,0.03420154025956025,0.19138556146391442,0,-6.8575832783809885e-06
1306,0.317994210230224,0.019698453989699383,9,0.02306593675370663
1307,0.14685409673042188,0.26578799089902955,0,-9.841940235095766e-06
1308,0.1753222989713604,0.0676156639651625,0,0.0019784115068492585
1309,0.17865205499846898,0.08744435279250826,0,0.001041472482274588
1310,0.11690487264062449,0.5099020317163181,0,-6.538738835321096e-07
1311,0.08399868370445113,0.03726289860533385,0,0.0001598207261009284
1312,0.23682534225835633,0.5600255520224041,0,-1.3111637540393587e-06
1313,0.28821733170717595,0.4623819812362865,0,-5.779113591992312e-06
1314,0.17654316909003123,0.28929251175927373,0,-1.0402940513672288e-05
1315,0.31396765369620494,0.5388841281946378,0,-3.4919969427789738e-06
1316,0.18521301321209724,0.5312745100543418,0,-1.0443078901474696e-06
1317,0.2976919758881441,0.004390549324415871,9,0.030103062074895777
1318,0.26357605759952035,0.05161117974307394,7,0.015894913019816957
1319,0.29139975318262445,0.3634433701747709,0,-1.4327203080996842e-05
1320,0.2535935284250624,0.09270316445363058,3,0.0074615983671921
1321,0.23869239652804408,0.47097907861211497,0,-3.250734972595498e-06
1322,0.025244041899936523,0.09635792606672712,0,-1.4428688784381937e-05
1323,0.07421446380079366,0.08516880176950885,0,-8.48296334974082e-06
1324,0.15449222242293784,0.4620013393631056,0,-1.536172984061774e-06
1325,0.31246379893591897,0.3960165780780364,0,-1.322944914759338e-05
1326,0.24771720307851144,0.07965744306040842,4,0.009017563396516593
1327,0.255490721106744,0.14209845169748214,0,0.0019927107337952524
1328,0.0014573619278426097,0.5793590189438009,0,-1.0306030265412931e-07
1329,0.19497358286451777,0.2038821763905042,0,-7.830285427377839e-06
1330,0.23192236895479,0.5696409693348624,0,-1.13415137434519e-06
1331,0.3225027584166533,0.08283199432494792,5,0.01090404752759503
1332,0.18608897782987902,0.35597447063691795,0,-6.041912517482455e-06
1333,0.16346632902749525,0.24474455825369323,0,-1.3477154326580512e-05
1334,0.21530280335548133,0.5732770134673425,0,-9.265450195668658e-07
1335,0.12111543131847793,0.35823664951260076,0,-3.1047880123479578e-06
1336,0.3385508653797574,0.4996468463425718,0,-6.559335948884888e-06
1337,0.19856331820305992,0.1768732066837722,0,3.424088817866395e-05
1338,0.05685536124839937,0.5398613685886579,0,-2.6604082586500433e-07
1339,0.17831590217550708,0.5868949611271557,0,-5.590037018484354e-07
1340,0.1901729238993881,0.10931249412354338,0,0.0006765833466585054
1341,0.005693003359533338,0.4470079175285227,0,-4.0388053525464814e-07
1342,0.003620431778898103,0.0087089495112731,0,-4.488063703826628e-06
1343,0.15466876324716752,0.5859470268917125,0,-4.4566507604390677e-07
1344,0.01206482038683061,0.5488926266997461,0,-1.5538999400388536e-07
1345,0.3407907160483867,0.16796478233104664,2,0.0051015872760000296
1346,0.3039921006282778,0.04321556132854791,7,0.01714912017327309
1347,0.06855182536221416,0.4116322023742198,0,-1.0778230711213839e-06
1348,0.1904549240342977,0.5418548280597639,0,-9.899403358575238e-07
1349,0.16208140910785335,0.34614897392003346,0,-5.256782787400031e-06
1350,0.18475160916113137,0.4676726976235017,0,-1.963042005004805e-06
1351,0.24497728014527176,0.08137852596546126,3,0.008348718807828542
1352,0.009300431769845534,0.3455641154169467,0,-1.1546427736349592e-06
1353,0.31467802544931434,0.09434445725390596,4,0.010136060831013986
1354,0.30929859174060276,0.23741552619375542,0,0.0003927354683679047
1355,0.3155320673964391,0.47822727758170336,0,-6.462050871140901e-06
1356,0.13737612847707828,0.10381982107250413,0,7.7293538099531e-05
1357,0.23195579296266183,0.2863728919041575,0,-1.559627369143484e-05
1358,0.1557453116524433,0.35813628890094057,0,-4.384684359548728e-06
1359,0.02071251476443258,0.5966499277679305,0,-1.0508375702727207e-07
1360,0.23478266148352184,0.4979081718021809,0,-2.389863921141527e-06
1361,0.24858066409474047,0.4243559973823962,0,-5.694003295143058e-06
1362,0.02633776879415589,0.04528517280216815,0,-1.1973201377209006e-05
1363,0.05371930916791226,0.15314048857309537,0,-1.1702965056340555e-05
1364,0.044759081372669374,0.48965526728722875,0,-3.8950701424413906e-07
1365,0.01016924418665291,0.33926282760772264,0,-1.2404479465707343e-06
1366,0.19378568449719882,0.38888754109920814,0,-4.709980781460113e-06
1367,0.05476236212283336,0.24763878892068467,0,-4.826362624291891e-06
1368,0.13608157783335195,0.5643441213590089,0,-4.594384991786764e-07
1369,0.18854259806773532,0.5825047328288673,0,-6.46861803869989e-07
1370,0.3166823669131896,0.04307171486434251,7,0.016649700676403475
1371,0.21607564386018052,0.08639866689813192,1,0.0038266685268768643
1372,0.13018956419466743,0.28543266626622354,0,-6.9783932076211085e-06
1373,0.06151228676312765,0.44232504557769636,0,-7.39145683810175e-07
1374,0.34867167174723956,0.011955972346274612,9,0.02544218064815366
1375,0.0227293514839781,0.521322818195268,0,-2.277305988313635e-07
1376,0.026809872397557426,0.5380288013913024,0,-2.0071111025628438e-07
1377,0.0780529150772478,0.02494520063552954,0,0.00021830058169920459
1378,0.13621384214442803,0.27989496836845607,0,-7.801890246144876e-06
1379,0.22203708907530945,0.5886107383001752,0,-8.501070841004732e-07
1380,0.1158189084353534,0.5827348350734903,0,-3.1224430116386756e-07
1381,0.03559143871446971,0.3886183001869948,0,-9.761779515198244e-07
1382,0.21467611046755827,0.5599969307572963,0,-1.0515022157665673e-06
1383,0.29106324156073987,0.3137316517640115,0,-1.374088870817422e-05
1384,0.07602964526267611,0.015438527908706368,0,0.0003094834322482512
1385,0.006362192425307883,0.47656760255595737,0,-3.0253936920163513e-07
1386,0.21465861823788432,0.25778106620021135,0,-1.5807896318868315e-05
1387,0.17219441775326402,0.21255924851123842,0,-1.5704854484544127e-05
1388,0.2787763510669867,0.4016964068907207,0,-9.46116784428998e-06
1389,0.003885160425869266,0.0408661862471551,0,-1.5435491736442063e-05
1390,0.055196113899256216,0.20968784097621493,0,-7.037537933148572e-06
1391,0.3272607732416824,0.10239440916116695,4,0.009180112737049662
1392,0.1604699223751901,0.12794023044516578,0,7.172171079636305e-05
1393,0.15787657311444786,0.3312266643619046,0,-5.843006784359522e-06
1394,0.33802709307127976,0.034486303641306205,8,0.01769009681125673
1395,0.2999775483089427,0.3498812747188615,0,-1.5802423411359995e-05
1396,0.06376895396566992,0.2768208869092648,0,-3.949613813337614e-06
1397,0.13838895140388366,0.5073934655187113,0,-8.308886222598873e-07
1398,0.19693621639536255,0.5912162379482766,0,-6.447152955220547e-07
1399,0.042389293120548635,0.3536319283794667,0,-1.482284934092573e-06
1400,0.329995006887716,0.2564596987565556,0,0.00040394421498075026
1401,0.3357421711970128,0.2099851613659506,1,0.0021729242002686408
1402,0.13962937571080972,0.3889430601503453,0,-2.7482731598482465e-06
1403,0.03150408137956846,0.5278857072426081,0,-2.328014683088373e-07
1404,0.1772253189843737,0.17038605124628814,0,6.768251788927383e-06
1405,0.1507076162876046,0.4345845370816753,0,-1.945565590413229e-06
1406,0.07089097058046205,0.5774401716692195,0,-2.1019887471072513e-07
1407,0.20355661823389867,0.05610409592428029,3,0.006919676935398239
1408,0.09939795165809152,0.4754211654257334,0,-7.750202372196131e-07
1409,0.19746872957875072,0.24656537645461252,0,-1.5768352523475907e-05
1410,0.24213531944511094,0.594905641742201,0,-9.75517855925685e-07
1411,0.09533565420067276,0.039303060315315164,0,0.00024857265116481214
1412,0.19320876706105714,0.5752329329725614,0,-7.28809606018148e-07
1413,0.08641439490445635,0.07619059220968256,0,1.2784936421251654e-05
1414,0.08468542688120649,0.4246994305033645,0,-1.1111436241046756e-06
1415,0.009795833124816272,0.03060085356643436,0,-1.2572952739075784e-05
1416,0.25150879848845076,0.1026068264081489,2,0.005701945693803902
1417,0.0795687011152111,0.1673135699018166,0,-1.2855525223373623e-05
1418,0.32395434437933207,0.5573558095148508,0,-3.2080603367468094e-06
1419,0.08242658040080664,0.5167013666498509,0,-4.3295414343818927e-07
1420,0.032403724623516206,0.01160320465592135,0,3.538807353566607e-05
1421,0.2211196999968654,0.4752660081412669,0,-2.6147794329192843e-06
1422,0.12089929132625085,0.4441439748308596,0,-1.3132818199771518e-06
1423,0.14650144562372985,0.2021149108322168,0,-1.5518927915995258e-05
1424,0.2469655864814714,0.33114096468569754,0,-1.318089838660579e-05
1425,0.19762632000592906,0.5346570115783364,0,-1.1427246597907377e-06
1426,0.27319249789644356,0.4491540961256135,0,-5.6800663844148616e-06
1427,0.03117204426073417,0.39273411004380704,0,-8.963667356208728e-07
1428,0.22542880554552988,0.31680805500457615,0,-1.247071023559061e-05
1429,0.3055899005295507,0.48345236327403973,0,-5.56990419567776e-06
1430,0.18032590060501516,0.3709260451587196,0,-4.9261337153389315e-06
1431,0.3062583376283438,0.20925601121738172,0,0.001003193504558917
1432,0.21419127739947286,0.4395121669661,0,-3.486289586113902e-06
1433,0.026655090999102904,0.4611530139814377,0,-4.3227688020651745e-07
1434,0.08158431668133839,0.42760925721517234,0,-1.0463734288374873e-06
1435,0.3116914192615077,0.29302551164149604,0,2.3108478731898927e-05
1436,0.16847336461290735,0.19180076460669968,0,-1.3514165685768729e-05
1437,0.29254417349280326,0.4417654471695142,0,-7.370748850181714e-06
1438,0.2721846422670742,0.3344595658552419,0,-1.5128848573790221e-05
1439,0.13917513466155382,0.17972103582102947,0,-1.5687283861758925e-05
1440,0.26538617160162853,0.4524283378927007,0,-5.092818908067182e-06
1441,0.2018776293761177,0.22332578221620542,0,-1.3115468835633267e-05
1442,0.23390202057202455,0.0007147632316738761,9,0.030005006605270543
1443,0.09354601004020063,0.04850376309543738,0,0.0001462332465255132
1444,0.016185640118808842,0.5228169786013899,0,-2.1015708818067183e-07
1445,0.0625620312087082,0.38122097042997083,0,-1.3760157266001537e-06
1446,0.30254650205315575,0.3809761984277124,0,-1.373049894661577e-05
1447,0.2987093421061871,0.31465558487779616,0,-1.1781890334670538e-05
1448,0.18920984744415628,0.03525574336368515,4,0.008942249071633771
1449,0.1955728341616658,0.2880569704710288,0,-1.2366722059538922e-05
1450,0.1354119005187819,0.007236916402214088,2,0.0046119601667045556
1451,0.12705071671103033,0.43869873309210716,0,-1.4745710565185121e-06
1452,0.15387282194911406,0.04681143624747486,0,0.0020087628675487723
1453,0.11163131062738521,0.06521636005317426,0,0.00015525619890139307
1454,0.03348117602159193,0.33185428117319704,0,-1.6859706270190871e-06
1455,0.01905794944801266,0.5114894329842921,0,-2.4221396118728424e-07
1456,0.2779957991654008,0.009993763105059127,9,0.02761192412559759
1457,0.17779784663227718,0.39031913612127106,0,-3.963040556202992e-06
1458,0.05941219315948975,0.18440449901723924,0,-9.320137881525008e-06
1459,0.03502116240025988,0.07538278335767756,0,-1.563445082416352e-05
1460,0.31817259232089296,0.5846943390305631,0,-2.305656455724915e-06
1461,0.10142641824585955,0.5927687788813278,0,-2.446253619888756e-07
1462,0.09146571647325068,0.017676296207245024,0,0.000551470690144597
1463,0.053695335241604567,0.2370502703275033,0,-5.303163386047213e-06
1464,0.14329376669669483,0.5397835575827763,0,-6.311836091742657e-07
1465,0.11271436849463506,0.4626946411981826,0,-1.0053600229200957e-06
1466,0.2913919086121369,0.401377768177603,0,-1.0636307891476355e-05
1467,0.0834228585443044,0.2619460269243577,0,-5.559843442205991e-06
1468,0.024656562421213363,0.4426808126788863,0,-5.096996559254895e-07
1469,0.08637219207750434,0.09511652511473224,0,-7.2150141659566415e-06
1470,0.3095888297702809,0.434376441807853,0,-9.291291515639117e-06
1471,0.06404363575812996,0.15591009541837308,0,-1.2449152011170108e-05
1472,0.26816388391196355,0.48820104750321813,0,-3.6701314120067727e-06
1473,0.32026155781332877,0.5471442401882264,0,-3.4236971711268647e-06
1474,0.32183606104737883,0.0807708043726988,5,0.011123398936337937
1475,0.28742214629471075,0.30447450154416406,0,-1.2110757944595505e-05
1476,0.3229950153915478,0.453263001252294,0,-8.824103017180436e-06
1477,0.01044960234905714,0.5602699843687677,0,-1.3645992543663766e-07
1478,0.13840582615650607,0.3830488010780367,0,-2.879483959875585e-06
1479,0.30341333952024585,0.5330084501034924,0,-3.3338977237320904e-06
1480,0.18203408003485372,0.0710966193416056,1,0.0022004820731763635
1481,0.22477413091729298,0.5958966217769832,0,-8.122700726518117e-07
1482,0.15573838799531,0.25328775976143464,0,-1.1871802747410825e-05
1483,0.11036099342108409,0.057990175874905514,0,0.00020755212187537503
1484,0.19697370973421147,0.5414735881459868,0,-1.0605160907188919e-06
1485,0.08965054099265347,0.3865285017599332,0,-1.7101261154409744e-06
1486,0.31957997842647173,0.10467908612076571,4,0.009199702026148818
1487,0.039384911758400816,0.13579646377147703,0,-1.2001633307580784e-05
1488,0.15287389304816804,0.1291210428199708,0,4.131980352302586e-05
1489,0.18745987814001058,0.2678855550127345,0,-1.3556047432501969e-05
1490,0.021180276587827188,0.2654209472904239,0,-2.8958340405426242e-06
1491,0.2526029876662448,0.12264742082224583,1,0.003381587189913716
1492,0.2955006489418367,0.342945673220889,0,-1.5859224943591814e-05
1493,0.16460721887964463,0.13717563230594657,0,5.23746153857071e-05
1494,0.038479966181408254,0.33949353683751365,0,-1.6419569058873182e-06
1495,0.3018214842571722,0.2564186764404925,0,0.00012382604045595898
1496,0.00040214568208469246,0.12788665300283922,0,-9.112426603322816e-06
1497,0.11400101886920354,0.12311313097024536,0,-7.540853878735307e-06
1498,0.1412638348928059,0.09998277195489333,0,0.0001175229630756354
1499,0.07567089568311981,0.05999818687865292,0,2.2904721611708287e-05
1500,0.28882741452303307,0.03508757741995363,8,0.01943795195252731
1501,0.16066758979730086,0.23967035786416813,0,-1.369597442749149e-05
1502,0.25828008575599337,0.11625401211363556,2,0.00462580524255272
1503,0.34859420325518303,0.15266715808026277,2,0.006021770669530013
1504,0.2772914468231293,0.2229023289855212,0,0.00019547250083187662
1505,0.08443872185716457,0.10808842093788774,0,-1.3437191948233799e-05
1506,0.3190107672565048,0.2185168653739086,0,0.0010919581369254344
1507,0.18085757347174292,0.06404872132418837,1,0.002733001962833319
1508,0.27365651569004423,0.4258058988350043,0,-7.168539579680268e-06
1509,0.2106901315840652,0.5180042863636581,0,-1.5375986195148566e-06
1510,0.019869950376686395,0.1605014211431232,0,-8.04634964077295e-06
1511,0.21896303197568123,0.4279308449069386,0,-4.102068351314683e-06
1512,0.12979708418126423,0.3954140957047236,0,-2.3357593917570885e-06
1513,0.3105964820772515,0.4421464089585818,0,-8.721344128654214e-06
1514,0.11614006380193319,0.5421359486858354,0,-4.7010685909723113e-07
1515,0.302590652309847,0.1890193124092339,0,0.001737201409591536
1516,0.14042446957035754,0.4984492177397024,0,-9.272720294655003e-07
1517,0.20056173705524857,0.20564957697928687,0,-5.3675678861782825e-06
1518,0.04063522779044213,0.1299505640754427,0,-1.2704976207095572e-05
1519,0.09524988503198127,0.06767772033975462,0,5.51206130687187e-05
1520,0.34225311592593727,0.19474641137811846,1,0.0034181262304469207
1521,0.001656395146797096,0.4831157859520657,0,-2.70350913210007e-07
1522,0.17022072436159366,0.5694688548386976,0,-6.137499503764353e-07
1523,0.2798887195349365,0.45768902861926397,0,-5.5771679937313045e-06
1524,0.026529329213937667,0.37216374392592466,0,-1.0511758061472123e-06
1525,0.10081166850352637,0.24759567301915034,0,-7.5771214221053665e-06
1526,0.25395764738333226,0.3774362125525317,0,-9.418164501400402e-06
1527,0.15829918320699024,0.07766862253816384,0,0.0006964362676694664
1528,0.13532458990647528,0.05485014300299473,0,0.0007085055125763731
1529,0.24392017345464387,0.4380653085410105,0,-4.749543316951344e-06
1530,0.16117181095178645,0.5437331639473336,0,-7.252978356014636e-07
1531,0.08056959347718384,0.5630164986101397,0,-2.674546310019853e-07
1532,0.09500483752653523,0.5063815580635638,0,-5.442651231554297e-07
1533,0.08802963114202814,0.26890414499474324,0,-5.432020619779417e-06
1534,0.03378650636292718,0.38116926865264045,0,-1.032874812536967e-06
1535,0.04605919322482479,0.5751460112849108,0,-1.6783419305027345e-07
1536,0.011624684606752539,0.06070949858654595,0,-1.5724163906383905e-05
1537,0.27271850860267505,0.22318452475272943,0,0.00015687914942284865
1538,0.27216636736401056,0.48459143434818974,0,-3.958528782954509e-06
1539,0.2929539615522701,0.5328724793701657,0,-3.008660179083775e-06
1540,0.08968587752094265,0.233079685153468,0,-7.829376744629668e-06
1541,0.0728162587176433,0.21334132735989608,0,-8.04927811675442e-06
1542,0.2167038289938821,0.3944286591241593,0,-5.58989434624333e-06
1543,0.23593859141144724,0.03366959363596573,8,0.018258852884541734
1544,0.10117073199115807,0.3408414316133589,0,-3.0277680253745575e-06
1545,0.1379618333053616,0.2823460042516322,0,-7.749181055794226e-06
1546,0.025554021227357684,0.08794249524735838,0,-1.51120492086565e-05
1547,0.23638423577247902,0.5946491906302838,0,-9.234825348256725e-07
1548,0.2230574972543801,0.3471741752670003,0,-9.369334980761316e-06
1549,0.17879246018500858,0.00906064725020037,6,0.014664273945646992
1550,0.15324270281918628,0.5265739368781807,0,-7.955229232666285e-07
1551,0.08759192201468233,0.51007677009507,0,-4.870950128209085e-07
1552,0.2989224900011877,0.5278393178880229,0,-3.356895545590623e-06
1553,0.15570264683762577,0.33732101672747056,0,-5.3861183244670116e-06
1554,0.2233510440884697,0.1302442276712332,0,0.0010414330054149198
1555,0.19198212743766316,0.37308551399718765,0,-5.4096479319356734e-06
1556,0.3306899341956805,0.5342359997862677,0,-4.316943696118821e-06
1557,0.21102042322046494,0.050106689086733255,4,0.009613452644461024
1558,0.07345085151174585,0.3120879730096688,0,-3.0603789698874773e-06
1559,0.3337206360236091,0.26300282912645245,0,0.00035907101910638946
1560,0.2979144617989674,0.007767956756023663,9,0.028454462001435473
1561,0.3469784317249748,0.379433528315812,0,-1.5465420037855275e-05
1562,0.07035183106555062,0.4203948135768674,0,-1.0053162808368947e-06
1563,0.317938593941392,0.4307077709130132,0,-1.0368195023591216e-05
1564,0.1250587261654563,0.23063400919169394,0,-1.1092791797717814e-05
1565,0.10032903594609636,0.21776749724056144,0,-9.984462169144162e-06
1566,0.3244738709215351,0.4194732059481369,0,-1.2087039056591421e-05
1567,0.25533969454125804,0.31890632673735564,0,-1.5032246921352559e-05
1568,0.1944685936235205,0.06685357191623795,1,0.0038387994333786046
1569,0.022000239552433597,0.43935167342011056,0,-5.131552806938291e-07
1570,0.10506097131830831,0.27450811912815215,0,-6.077010193216131e-06
1571,0.23615085075136158,0.475305119661289,0,-3.0357469577359573e-06
1572,0.09432715602151612,0.47904962307499577,0,-7.105027781207029e-07
1573,0.05415418000134756,0.0959168817873504,0,-1.568976586527169e-05
1574,0.3426363695165191,0.39532868985843533,0,-1.5721009181147383e-05
1575,0.051117715080939416,0.17530086728938432,0,-9.391279323055446e-06
1576,0.13279374368096314,0.3963076140481861,0,-2.3852284523526833e-06
1577,0.04523200569768499,0.5123605235018105,0,-3.118609581641369e-07
1578,0.13822715200460908,0.06277114642948083,0,0.0005718769322368885
1579,0.26293158182742987,0.22924367350401384,0,6.975577293716891e-05
1580,0.2719523368828139,0.08842880343764992,4,0.009953495304771633
1581,0.1602394683256423,0.21335950440675358,0,-1.563198151922549e-05
1582,0.09160177025618892,0.5462793571964761,0,-3.5300831941840553e-07
1583,0.053636605133139045,0.5526589721856099,0,-2.266773175328566e-07
1584,0.11401595411484171,0.5569256420969555,0,-3.969702191069614e-07
1585,0.10794829984652739,0.5260129103165399,0,-5.089671400615863e-07
1586,0.3028105388241305,0.3906647047323297,0,-1.2804938773169657e-05
1587,0.17264880941287178,0.0422674984101594,2,0.004509319320183433
1588,0.013774515490342676,0.5004087743411261,0,-2.566847206963202e-07
1589,0.03590941332241589,0.3506231318187129,0,-1.4318381928804628e-06
1590,0.31418894191680735,0.5335511428833952,0,-3.690524758483295e-06
1591,0.3176848515931718,0.3559329886096901,0,-1.5792094229361063e-05
1592,0.300853820868985,0.3004077533660285,0,-2.012340378804438e-06
1593,0.01339051367484053,0.371447832838733,0,-9.28516816417263e-07
1594,0.18115992399421044,0.15760537481998738,0,3.983503556855077e-05
1595,0.0977626360490081,0.3948669285051193,0,-1.7060640057777728e-06
1596,0.20798312013185513,0.11568870347222697,0,0.0010372808291504731
1597,0.1437207764698021,0.4827511908657707,0,-1.121144540199937e-06
1598,0.23396072109571622,0.5955326656062889,0,-8.934928734704206e-07
1599,0.17710620255470966,0.08452708929636096,0,0.0011019634973489173
